100.0 0.616242637716 0.905179660664 4969.65305111
158.489319246 0.707176375905 0.910999831279 3675.30133396
251.188643151 0.797590052916 0.920411321919 3073.63607135
398.107170553 0.877858382515 0.931294887511 2855.76615444
630.95734448 0.945403521152 0.940736971335 2913.14614959
1000.0 1.00099878209 0.946618722443 3223.12726437
1584.89319246 1.04648373904 0.948094088269 3816.49166322
2511.88643151 1.10098426437 0.975773579219 4698.07734879
3981.07170553 1.16345821626 1.0872587096 5797.34761904
6309.5734448 1.20150761684 1.2092343071 7698.33762336
10000.0 1.21401520669 1.26020834834 11756.7127869
