10.0 0.412397944933 0.90155770835 8451.32641081 7474.27799015
15.8489319246 0.43337081955 0.901521485469 10053.4864675 9254.58779826
25.1188643151 0.458045470688 0.90157962693 11176.5102197 11036.3992224
39.8107170553 0.491491995252 0.901848625539 11307.1700179 12445.8641848
63.095734448 0.541691719555 0.902686665332 10240.179679 12994.1509448
100.0 0.616242667044 0.905179663332 8425.30099929 12349.4821913
158.489319246 0.707176380951 0.910999831746 6593.22978948 10686.0066011
206.913808111 0.766190981764 0.92250100832 5750.98335863 9543.75579877
263.665089873 0.814251515376 0.929045594654 5116.40973562 8515.20582594
335.981828628 0.859359198431 0.936089809643 4635.33534381 7603.72841837
428.133239872 0.90101366231 0.943171399973 4297.6444248 6856.41289566
545.559478117 0.939070645781 0.949855214885 4089.07891187 6287.80576579
695.192796178 0.973609327563 0.955783517476 3996.34978704 5892.50912227
885.86679041 1.00483586753 0.960698658828 4009.7542279 5656.96896349
1128.83789168 1.03301831429 0.964445574582 4124.37427017 5567.22676949
1438.44988829 1.05844496996 0.966961497363 4340.31749052 5613.04138936
1832.98071083 1.08139931086 0.968259096768 4662.89981062 5789.62197142
2335.72146909 1.10214122319 0.968407993954 5103.07238161 6099.03360219
2976.35144163 1.15058308765 1.02527822401 5544.9284599 6496.15063563
3792.69019073 1.18492994315 1.08587429521 6105.56017487 7039.7935879
4832.93023857 1.21164380779 1.15299115753 6852.59923761 7779.75088253
6158.48211066 1.23175082819 1.21738872765 7892.14194018 8802.11951256
7847.59970351 1.24409025646 1.26435078701 9362.3941601 10258.6316152
10000.0 1.24881585635 1.28223645669 11441.6259577 12341.523756
