1.0 10.0 0.412397944926 0.901557708341 8451.32641088 7474.27799019
1.0 15.8489319246 0.43337081961 0.901521485543 10053.4864669 9254.58779788
1.0 25.1188643151 0.458045470968 0.901579627091 11176.5102189 11036.3992214
1.0 39.8107170553 0.491491993947 0.901848625298 11307.1700163 12445.8641869
1.0 63.095734448 0.541691716764 0.902686665288 10240.1796703 12994.1509448
1.0 100.0 0.616242667042 0.905179663332 8425.30099929 12349.4821913
1.0 158.489319246 0.707176378976 0.91099983153 6593.22978378 10686.0065971
1.0 251.188643151 0.79759005313 0.920411322178 5203.88643586 8684.30300747
1.0 398.107170553 0.877858382181 0.931294887268 4368.8863185 7034.48216307
1.0 630.95734448 0.945403521047 0.940736971203 4018.6722438 6012.26518978
1.0 1000.0 1.00099878242 0.946618723077 4068.6128049 5588.21948963
1.0 1584.89319246 1.04648373903 0.948094088231 4488.12697725 5674.77874943
1.0 2511.88643151 1.10098426569 0.975773582892 5253.41116289 6216.65822737
1.0 3981.07170553 1.16345821874 1.08725871369 6302.25493166 7204.84564057
1.0 6309.5734448 1.2015076163 1.20923430656 8144.83103787 9009.96916284
1.0 10000.0 1.21401520694 1.26020834922 11685.6343917 12532.1126496
1.38949549437 10.0 0.411121846618 0.901962529413 7981.52449224 7238.80599367
1.38949549437 15.8489319246 0.430907146915 0.901863673171 9678.20784582 9017.48113501
1.38949549437 25.1188643151 0.453344140026 0.901849552761 10991.294332 10832.6392826
1.38949549437 39.8107170553 0.482640258591 0.902006690268 11375.4254211 12322.162662
1.38949549437 63.095734448 0.525493524472 0.902579212401 10510.4759922 12988.6317408
1.38949549437 100.0 0.591209251656 0.904361352681 8750.0966258 12459.0511541
1.38949549437 158.489319246 0.678274082452 0.908985933745 6864.12765963 10866.4786378
1.38949549437 251.188643151 0.770206286216 0.917402497654 5377.0841694 8867.57088794
1.38949549437 398.107170553 0.854206806878 0.928152309477 4447.86884402 7168.91271997
1.38949549437 630.95734448 0.925806888349 0.938347361626 4025.11924098 6086.34393386
1.38949549437 1000.0 0.985017078607 0.945507558898 4019.72369461 5610.491567
1.38949549437 1584.89319246 1.03349083164 0.948381502696 4390.98356901 5654.66129958
1.38949549437 2511.88643151 1.07317596937 0.94688239153 5167.093431 6181.13426964
1.38949549437 3981.07170553 1.14764290934 1.04963064581 6135.17348469 7100.06110809
1.38949549437 6309.5734448 1.19286088354 1.1753683003 7769.81518221 8688.11740373
1.38949549437 10000.0 1.21355913202 1.25845435509 10863.6355399 11720.1171025
1.93069772888 10.0 0.410487842902 0.902506948932 7366.5715881 6961.42391913
1.93069772888 15.8489319246 0.429225276186 0.902328539556 9164.98528651 8736.52946002
1.93069772888 25.1188643151 0.449833935619 0.902232093914 10693.8065896 10586.2084364
1.93069772888 39.8107170553 0.475777587282 0.902283846627 11386.5769897 12163.5835617
1.93069772888 63.095734448 0.512520732417 0.902653479802 10797.6076463 12965.993747
1.93069772888 100.0 0.569105544261 0.903895404892 9133.29691006 12573.0457486
1.93069772888 158.489319246 0.650089918169 0.907429840595 7190.69199983 11064.138365
1.93069772888 251.188643151 0.742076490622 0.914692211293 5587.61635466 9073.17355195
1.93069772888 398.107170553 0.829360081231 0.925006908501 4543.19294544 7322.6179041
1.93069772888 630.95734448 0.905040092956 0.93570864745 4032.31747537 6171.91549627
1.93069772888 1000.0 0.968046494598 0.944033385616 3961.85347434 5636.65333941
1.93069772888 1584.89319246 1.0197086175 0.948308944662 4278.43294948 5632.42185266
1.93069772888 2511.88643151 1.06197187803 0.9481191953 4998.86915937 6115.38556095
1.93069772888 3981.07170553 1.12929830421 1.0148820474 5969.12127953 7011.5680051
1.93069772888 6309.5734448 1.18170782238 1.13686301133 7431.81692047 8439.77056756
1.93069772888 10000.0 1.21085061808 1.2448647927 10136.9915555 11062.5783498
2.68269579528 10.0 0.41052340417 0.903238129604 6534.46587763 6630.20250274
2.68269579528 15.8489319246 0.428279763517 0.902955493098 8442.83494154 8399.53230652
2.68269579528 25.1188643151 0.447359673671 0.902758706248 10217.165265 10284.709465
2.68269579528 39.8107170553 0.4705