1.0 1.0 0.499977760015 0.900143972919 1281.9975577 1731.75199451
1.0 1.62377673919 0.499977760015 0.900143972919 2270.00197981 2521.48282605
1.0 2.63665089873 0.499977760015 0.900143972919 3380.049367 3360.78856724
1.0 4.28133239872 0.499977760015 0.900143972919 4792.32339179 4485.58392768
1.0 6.95192796178 0.499977760015 0.900143972919 6522.46992878 5934.58670532
1.0 11.2883789168 0.419334084539 0.903018525556 8875.56857969 7919.56878273
1.0 18.3298071083 0.442154222861 0.903378743773 10472.6648043 9821.87276581
1.0 29.7635144163 0.470614898381 0.903905275848 11359.812612 11616.0074495
1.0 48.3293023857 0.51148007419 0.904862897817 11002.419264 12805.1783956
1.0 78.4759970351 0.575494055225 0.90706876862 9447.47684394 12844.9896727
1.0 127.42749857 0.666060675299 0.912421342036 7454.01186898 11581.1407555
1.0 206.913808111 0.766190981764 0.92250100832 5750.98335863 9543.75579877
1.0 263.665089873 0.814251515376 0.929045594654 5116.40973562 8515.20582594
1.0 335.981828628 0.859359198431 0.936089809643 4635.33534381 7603.72841837
1.0 428.133239872 0.90101366231 0.943171399973 4297.6444248 6856.41289566
1.0 545.559478117 0.939070645781 0.949855214885 4089.07891187 6287.80576579
1.0 695.192796178 0.973609327563 0.955783517476 3996.34978704 5892.50912227
1.0 885.86679041 1.00483586753 0.960698658828 4009.7542279 5656.96896349
1.0 1128.83789168 1.06166129715 1.0131409047 4077.5615489 5575.13742868
1.0 1438.44988829 1.11701212578 1.09433960584 4171.41152433 5591.46887303
1.0 1832.98071083 1.16379150628 1.19323134284 4310.32075705 5685.13654319
1.0 2335.72146909 1.20779936766 1.31393964186 4518.69424911 5838.43850678
1.0 2976.35144163 1.24921858806 1.45873897716 4802.70578237 6050.17939421
1.0 3792.69019073 1.28715219338 1.6263198381 5183.56617047 6364.00118546
1.0 4832.93023857 1.31856994078 1.8028363233 5716.94657596 6841.34924007
1.0 6158.48211066 1.33817540398 1.95299995645 6515.99655644 7597.16001791
1.0 7847.59970351 1.34135856131 2.0276743432 7764.79795952 8815.93624674
1.0 10000.0 1.32916807459 1.9971939172 9698.16596395 10735.2219453