1.0 100.0 1.0 0.96 10093.0380993 12796.7876031
1.0 127.42749857 1.0 0.96 8852.59302511 12179.5710682
1.0 162.377673919 1.0 0.96 7540.27751226 11210.7844271
1.0 206.913808111 0.766190981764 0.92250100832 5750.98335863 9543.75579877
1.0 263.665089873 0.814251515376 0.929045594654 5116.40973562 8515.20582594
1.0 335.981828628 0.859359198431 0.936089809643 4635.33534381 7603.72841837
1.0 428.133239872 0.90101366231 0.943171399973 4297.6444248 6856.41289566
1.0 545.559478117 0.939070645781 0.949855214885 4089.07891187 6287.80576579
1.0 695.192796178 0.973609327563 0.955783517476 3996.34978704 5892.50912227
1.0 885.86679041 1.00483586753 0.960698658828 4009.7542279 5656.96896349
1.0 1128.83789168 1.03301831429 0.964445574582 4124.37427017 5567.22676949
1.0 1438.44988829 1.05844496996 0.966961497363 4340.31749052 5613.04138936
1.0 1832.98071083 1.08139931086 0.968259096768 4662.89981062 5789.62197142
1.0 2335.72146909 1.10214122319 0.968407993954 5103.07238161 6099.03360219
1.0 2976.35144163 1.15058308765 1.02527822401 5544.9284599 6496.15063563
1.0 3792.69019073 1.18492994315 1.08587429521 6105.56017487 7039.7935879
1.0 4832.93023857 1.21164380779 1.15299115753 6852.59923761 7779.75088253
1.0 6158.48211066 1.23175082819 1.21738872765 7892.14194018 8802.11951256
1.0 7847.59970351 1.24409025646 1.26435078701 9362.3941601 10258.6316152
1.0 10000.0 1.24881585635 1.28223645669 11441.6259577 12341.523756
