99.007156428 0.995666888467 0.183513264292 16223.9088769 0.00814424699568 0.000404790254965 68298.885255 26726.8674739 -7.62576751988e-11 -4.84448491908e-11 -1.22807781013e-10 3017.01421835 3687.60837344 1000.0
98.0242688034 0.994508435485 0.20265154961 13348.6915509 0.00820730494395 0.000410141885161 67321.980454 26878.325351 -7.17310818841e-11 -6.07325610114e-11 -1.3040894254e-10 3015.32844714 3648.77111596 1000.0
97.051237291 0.993565961734 0.218259429232 11548.2658325 0.00823344459846 0.000415661387481 66359.3523436 27030.5755429 -6.62199442826e-11 -7.11048577584e-11 -1.35183235153e-10 3013.63441829 3610.34453114 1000.0
96.0879630564 0.992721818156 0.231333440679 10316.6231775 0.00824855025646 0.000421298650523 65410.7901721 27183.6213418 -6.1822695366e-11 -8.01827733495e-11 -1.39790008128e-10 3011.93209394 3572.32428446 1000.0
95.1343482565 0.991952873812 0.242569540534 9417.10689856 0.00826121135457 0.000427045570223 64476.0863178 27337.4660417 -5.83081548729e-11 -8.83847431965e-11 -1.44408543451e-10 3010.22143611 3534.70608708 1000.0
94.1902960294 0.99124592527 0.252413423329 8728.95895392 0.0082745212984 0.000432898267082 63555.0362414 27492.1129383 -5.54604050898e-11 -9.5970326548e-11 -1.4907967801e-10 3008.50240671 3497.48569538 1000.0
93.2557104843 0.990591305958 0.261166950512 8184.03460926 0.00828960468771 0.000438854276657 62647.4384407 27647.5653287 -5.31317192556e-11 -1.03110177887e-10 -1.53824946223e-10 3006.77496748 3460.65891046 1000.0
92.330496692 0.989981473342 0.269044847258 7740.83825144 0.00830681026038 0.000444911960962 61753.0944054 27803.826511 -5.12195558218e-11 -1.09922660147e-10 -1.58659376046e-10 3005.03908005 3424.2215777 1000.0
91.4145606754 0.989410357183 0.276205787896 7372.58968643 0.00832616649284 0.000451070247935 60871.808572 27960.8997846 -4.96503029028e-11 -1.16493506774e-10 -1.63594597565e-10 3003.2947059 3388.16958625 1000.0
90.5078093995 0.988872968048 0.282770591002 7061.19725926 0.00834757069404 0.000457328478415 60003.3882803 28118.7884492 -4.83695088404e-11 -1.22887060713e-10 -1.686401767e-10 3001.54180639 3352.49886862 1000.0
89.6101507626 0.988365138466 0.288833490155 6793.97965909 0.00837087170015 0.000463686306579 59147.64373 28277.4958054 -4.73358891219e-11 -1.29153066614e-10 -1.7380434531e-10 2999.78034274 3317.20540017 1000.0
88.7214935862 0.987883342698 0.294469446426 6561.77360104 0.00839590691333 0.000470143631584 58304.3879382 28437.0251539 -4.65175068649e-11 -1.35330971217e-10 -1.79094444396e-10 2998.01027605 3282.28519871 1000.0
87.8417476063 0.987424566588 0.299739077019 6357.78702252 0.00842251872273 0.000476700548848 57473.4366972 28597.3797955 -4.58892489509e-11 -1.4145275416e-10 -1.84517209355e-10 2996.23156726 3247.73432401 1000.0
86.970823464 0.98698621083 0.304692084617 6176.87528586 0.00845056130348 0.000483357314296 56654.6085334 28758.563031 -4.54311047525e-11 -1.47544853795e-10 -1.90078961443e-10 2994.44417721 3213.54887738 1000.0
86.1086326964 0.986566017341 0.309369708738 6015.0683648 0.00847990286031 0.000490114317478 55847.7246665 28920.5781604 -4.5126959713e-11 -1.53629514772e-10 -1.95785740787e-10 2992.6480666 3179.72500124 1000.0
85.2550877279 0.986162012096 0.313806519027 5869.25271872 0.00851042573425 0.00049697206094 55052.6089693 29083.4284835 -4.49637295072e-11 -1.59725754325e-10 -2.01643401548e-10 2990.84319597 3146.25887867 1000.0
84.4101018609 0.98577245997 0.318031753724 5736.95168035 0.00854202555334 0.000503931144112 54269.0879281 29247.1172989 -4.49307256503e-11 -1.65850070078e-10 -2.07657681837e-10 2989.02952578 3113.14673298 1000.0
83.5735892671 0.985395828546 0.322070336384 5616.17039854 0.00857461000964 0.000510992250534 53496.9906041 29411.6479043 -4.5019182167e-11 -1.72016968391e-10 -2.13834256344e-10 2987.20701631 3080.38482729 1000.0
75317753 0.188858082142 1658.23380564 0.00379100486154 5.23960686254e-05 527361.485948 7429.41242544 -8.4063061653e-13 -2.22602592014e-11 -2.29534309621e-11 298.537562773 1923.13871915 100.0
81.9256448813 0.994812629809 0.190030606326 1644.91039323 0.00381078403278 5.31490300425e-05 519863.959961 7471.16602454 -8.70564998321e-13 -2.29125697216e-11 -2.36319114389e-11 298.353532009 1902.90235288 100.0
81.1140457017 0.994749703388 0.19120229881 1631.82541057 0.00383063642873 5.39125185557e-05 512475.693655 7513.13355427 -9.03684378263e-13 -2.35813577816e-11 -2.43299637723e-11 298.16860533 1882.88004779 100.0
80.3105850034 0.99468637664 0.19237586151 1618.92732318 0.00385055436298 5.46866649574e-05 505195.076849 7555.31584113 -9.3975169409e-13 -2.42674698307e-11 -2.5048195008e-11 297.982778714 1863.06954393 100.0
79.515181176 0.99462252241 0.193553368685 1606.17777252 0.00387053194622 5.54716033514e-05 498020.52325 7597.71371103 -9.78602743651e-13 -2.49716863767e-11 -2.57872191095e-11 297.796048125 1843.46860518 100.0
78.7277534276 0.994558039901 0.194736419939 1593.54821416 0.00389056466791 5.62674707822e-05 490950.470095 7640.32798916 -1.02012996369e-12 -2.56947407836e-11 -2.65476595214e-11 297.608409517 1824.075019 100.0
77.9482217763 0.994492848412 0.195926254241 1581.01744829 0.00391064908048 5.70744069577e-05 483983.377799 7683.15949998 -1.0642702341e-12 -2.64373335267e-11 -2.73301512179e-11 297.419858829 1804.88659616 100.0
77.1742218609 0.9944266851 0.197127411877 1568.53286 0.00393084255208 5.78950058793e-05 477097.44605 7726.3375171 -1.11113858738e-12 -2.72024441832e-11 -2.8137773312e-11 297.229826726 1785.84496713 100.0
76.4080063753 0.994359688953 0.198337121478 1556.12026705 0.00395108338355 5.87270283043e-05 470312.055551 7769.7357205 -1.16060794735e-12 -2.79885629418e-11 -2.89688989143e-11 297.038868886 1767.00538296 100.0
75.6494970283 0.994291815265 0.19955597781 1543.77124143 0.00397137008275 5.95706222078e-05 463625.721124 7813.35493927 -1.21270195634e-12 -2.87963533727e-11 -2.98242127189e-11 296.846981173 1748.36570406 100.0
74.8986163161 0.994223026478 0.200784448561 1531.47977167 0.00399170155678 6.04259376915e-05 457036.979678 7857.19600145 -1.26746339771e-12 -2.96264769717e-11 -3.0704416438e-11 296.654159439 1729.92381347 100.0
74.1552875144 0.994153290589 0.202022902724 1519.24168298 0.00401207702868 6.12931269206e-05 450544.389879 7901.25973393 -1.3249510874e-12 -3.04795972079e-11 -3.16102297376e-11 296.460399523 1711.67761658 100.0
73.4194346707 0.994082579928 0.203271632272 1507.0541988 0.00403249597294 6.21723440794e-05 444146.531831 7945.54696239 -1.38523751041e-12 -3.13563827435e-11 -3.25423910913e-11 296.265697251 1693.62504097 100.0
72.6909825962 0.994010870221 0.20453086878 1494.91560798 0.00405295806563 6.30637453394e-05 437842.006749 7990.05851119 -1.44840702782e-12 -3.22575100239e-11 -3.35016585741e-11 296.070048437 1675.76403609 100.0
71.9698568584 0.993938139863 0.205800796206 1482.82501112 0.00407346314554 6.39674888389e-05 431629.436647 8034.79520334 -1.51455452274e-12 -3.31836653863e-11 -3.4488810615e-11 295.873448883 1658.09257312 100.0
71.2559837734 0.993864369358 0.207081560762 1470.78212656 0.00409401118381 6.48837346696e-05 425507.464027 8079.75786035 -1.58378438592e-12 -3.41355468002e-11 -3.55046467214e-11 295.675894377 1640.60864466 100.0
70.5492903983 0.993789540886 0.208373278561 1458.78714138 0.00411460226013 6.58126448706e-05 419474.751573 8124.9473022 -1.65620976505e-12 -3.51138653264e-11 -3.65499881842e-11 295.477380695 1623.31026455 100.0
69.8497045238 0.993713637961 0.209676041559 1446.84059672 0.00413523654401 6.67543834265e-05 413529.981852 8170.36434726 -1.73195202048e-12 -3.61193463581e-11 -3.76256787739e-11 295.277903601 1606.19546763 100.0
69.157154667 0.993636645169 0.210989922192 1434.94329901 0.00415591427995 6.77091162697e-05 407671.857012 8216.00981214 -1.81114034294e-12 -3.7152730697e-11 -3.87325854317e-11 295.077458847 1589.26230952 100.0
68.4715700638 0.993558547962 0.212314976999 1423.09625126 0.00417663577571 6.8677011285e-05 401899.098495 8261.88451168 -1.89391149957e-12 -3.82147755003e-11 -3.98715989612e-11 294.876042172 1572.5088664 100.0
67.7928806618 0.993479332494 0.213651249471 1411.30059953 0.00419740139285 6.9658238318e-05 396210.446745 8307.98925879 -1.98040968211e-12 -3.93062551308e-11 -4.10436347247e-11 294.673649304 1555.93323479 100.0
67.1210171132 0.993398985497 0.214998772289 1399.55759116 0.00421821153925 7.06529691833e-05 390604.660927 8354.32486443 -2.07078643713e-12 -4.04279619321e-11 -4.22496333467e-11 294.470275957 1539.53353136 100.0
66.4559107676 0.99331749418 0.216357569097 1387.86854218 0.00423906666304 7.16613776761e-05 385080.518647 8400.89213746 -2.16520066287e-12 -4.15807069465e-11 -4.34905614272e-11 294.265917835 1523.30789267 100.0
65.7974936652 0.993234846149 0.217727655904 1376.23481166 0.00425996724761 7.26836395837e-05 379636.815674 8447.69188458 -2.26381866031e-12 -4.27653205912e-11 -4.47674122666e-11 294.060570628 1507.25447501 100.0
65.1456985295 0.993151029347 0.2191090422 1364.65778161 0.00428091380767 7.37199326983e-05 374272.365676 8494.72491022 -2.36681422952e-12 -4.39826533023e-11 -4.60812066047e-11 293.854230017 1491.37145413 100.0
64.5004587606 0.993066032006 0.220501731844 1353.1388411 0.00430190688586 7.47704368307e-05 368985.999943 8541.99201645 -2.47436880368e-12 -4.52335761559e-11 -4.74329933737e-11 293.646891668 1475.65702511 100.0
63.8617084287 0.992979842611 0.221905723778 1341.67937382 0.00432294705006 7.58353338243e-05 363776.567133 8589.49400289 -2.58667161516e-12 -4.65189814735e-11 -4.88238504679e-11 293.438551237 1460.10940211 100.0
63.2293822668 0.992892449864 0.223321012599 1330.28074821 0.00434403489106 7.69148075698e-05 358642.933007 8637.23166659 -2.70391988952e-12 -4.78397834161e-11 -5.02548855299e-11 293.229204368 1444.72681815 100.0
62.6015675967 0.992803577921 0.224751838971 1318.91076422 0.0043652338116 7.80123131667e-05 353569.078482 8685.34851112 -2.82669014119e-12 -4.92010006951e-11 -5.17316683862e-11 293.01822098 1429.46260514 100.0
61.9800857539 0.992713473296 0.226194007113 1307.60466484 0.0043864819445 7.91248589239e-05 348569.238535 8733.7040315 -2.95485772199e-12 -5.05997353539e-11 -5.32511930486e-11 292.806216361 1414.36090823 100.0
61.3648728585 0.992622125142 0.227647500867 1296.36374368 0.00440777994462 8.02526366715e-05 343642.319119 8782.29902353 -3.08864725795e-12 -5.20369794816e-11 -5.48146721867e-11 292.593186081 1399.42000073 100.0
60.7558656752 0.992529522773 0.229112301079 1285.18925616 0.00442912848373 8.13958403731e-05 338787.24248 8831.13428002 -3.22829247225e-12 -5.35137496467e-11 -5.6423351953e-11 292.379125702 1384.63817427 100.0
60.1530016062 0.99243565565 0.230588385812 1274.0824166 0.00445052824931 8.25546661425e-05 334002.946921 8880.21059068 -3.37403648418e-12 -5.50310874984e-11 -5.80785128811e-11 292.164030769 1370.01373859 100.0
59.5562186854 0.992340513382 0.232075730511 1263.04439595 0.00447197994364 8.3729312259e-05 329288.386556 8929.52874199 -3.52613212453e-12 -5.65900603734e-11 -5.97814708056e-11 291.947896821 1355.54502136 100.0
58.9654555717 0.992244085718 0.233574308149 1252.07632006 0.00449348428287 8.49199791844e-05 324642.531077 8979.08951708 -3.68484226656e-12 -5.81917619104e-11 -6.15335778054e-11 291.730719382 1341.230368 100.0
58.3806515427 0.992146362549 0.235084089341 1241.1792685 0.00451504199625 8.61268695788e-05 320064.365517 9028.89369569 -3.85044017239e-12 -5.98373126724e-11 -6.33362231702e-11 291.512493968 1327.06814147 100.0
57.8017464884 0.992047333901 0.236605042446 1230.35427362 0.00453665382538 8.73501883169e-05 315552.890026 9078.94205394 -4.0232098542e-12 -6.15278607785e-11 -6.51908343907e-11 291.293216082 1313.05672209 100.0
57.2286809055 0.991946989942 0.238137133652 1219.60232003 0.00455832052353 8.85901425049e-05 311107.11964 9129.23536433 -4.20344645041e-12 -6.32645825455e-11 -6.70988781748e-11 291.072881218 1299.19450736 100.0
56.6613958905 0.991845320977 0.239680327048 1208.92434427 0.00458004285498 8.9846941496e-05 306726.084062 9179.77439555 -4.39145661655e-12 -6.50486831404e-11 -6.90618614879e-11 290.851484858 1285.47991181 100.0
56.0998331344 0.991742317452 0.241234584682 1198.32123466 0.00460182159448 9.11207969073e-05 302408.82744 9230.55991238 -4.58755893108e-12 -6.68813972441e-11 -7.10813326202e-11 290.629022474 1271.91136674 100.0
55.5439349161 0.991637969957 0.242799866625 1187.79383146 0.00462365752662 9.24119226362e-05 298154.408149 9281.59267558 -4.79208431611e-12 -6.8763989727e-11 -7.31588822801e-11 290.405489528 1258.48732013 100.0
54.9936440969 0.991532269225 0.244376131012 1177.34292698 0.00464555144534 9.37205348762e-05 293961.898586 9332.87344174 -5.00537647325e-12 -7.06977563365e-11 -7.52961447159e-11 290.180881471 1245.20623639 100.0
54.4489041144 0.991425206138 0.245963334086 1166.969266 0.00466750415339 9.50468521335e-05 289830.384951 9384.4029632 -5.22779233492e-12 -7.26840243978e-11 -7.74947988642e-11 289.955193744 1232.06659626 100.0
53.9096589769 0.991316771726 0.247561430243 1156.67354615 0.00468951646182 9.63910952432e-05 285758.967046 9436.18198789 -5.45970253128e-12 -7.47241535278e-11 -7.97565695286e-11 289.728421779 1219.06689655 100.0
53.3758532572 0.991206957174 0.249170372059 1146.45641847 0.00471158918955 9.77534873852e-05 281746.758072 9488.21125921 -5.70149187307e-12 -7.68195363618e-11 -8.20832285866e-11 289.500560997 1206.20565005 100.0
52.8458766461 0.991095422752 0.250794918423 1136.28861219 0.00473378873969 9.91383666961e-05 277781.272268 9540.64656432 -5.95432127115e-12 -7.89780518783e-11 -8.44837780098e-11 289.270927804 1193.44394136 100.0
52.3212616965 0.99098248273 0.252430273807 1126.20103704 0.004756050739 0.000100541959418 273873.599242 9593.33508261 -6.21790862443e-12 -8.11950573612e-11 -8.69533178396e-11 289.040190088 1180.8185574 100.0
51.8019541655 0.990868128698 0.254076385056 1116.1942125 0.00477837603471 0.000101964497923 270022.883704 9646.27754957 -6.49268825157e-12 -8.34720624856e-11 -8.94937860545e-11 288.808343199 1168.32804505 100.0
51.2879003591 0.990752352421 0.255733197298 1106.2686137 0.0048007654802 0.000103406217021 266228.283128 9699.47469561 -6.77911094737e-12 -8.58106134304e-11 -9.21071734744e-11 288.57538248 1155.97096661 100.0
50.7790471264 0.990635145832 0.257400653975 1096.42467223 0.00482321993456 0.000104867353974 262488.967559 9752.92724584 -7.07764455979e-12 -8.821229369e-11 -9.47955251459e-11 288.341303264 1143.74589969 100.0
50.2753418544 0.990516501046 0.259078696866 1086.66277697 0.00484574026223 0.000106348148514 258804.119424 9806.63592002 -7.38877458584e-12 -9.06787249017e-11 -9.75609417634e-11 288.106100875 1131.65143706 100.0
49.7767324623 0.990396410354 0.260767266112 1076.98327502 0.00486832733257 0.000107848842859 255172.933348 9860.60143236 -7.71300478669e-12 -9.32115676902e-11 -1.00405581124e-10 287.869770628 1119.68618641 100.0
49.283167396 0.990274866237 0.262466300242 1067.38647256 0.00489098201949 0.000109369681727 251594.61597 9914.82449138 -8.05085782253e-12 -9.58125225273e-11 -1.03331659621e-10 287.632307828 1107.8487703 100.0
48.7945956232 0.990151861362 0.264175736199 1057.8726358 0.00491370520105 0.000110910912351 248068.385761 9969.30579978 -8.40287590777e-12 -9.84833306089e-11 -1.0634145377e-10 287.393707773 1096.1378259 100.0
48.3109666279 0.990027388591 0.265895509358 1048.44199193 0.00493649775915 0.000112472784497 244593.472852 10024.0460543 -8.76962148711e-12 -1.01225774749e-10 -1.09437301777e-10 287.153965752 1084.55200491 100.0
47.8322304049 0.98990144098 0.267625553556 1039.09473006 0.0049593605791 0.000114055550478 241169.118853 10079.0459455 -9.15167793301e-12 -1.04041680291e-10 -1.12621605143e-10 286.913077046 1073.08997338 100.0
47.3583374552 0.98977401179 0.269365801111 1029.83100219 0.00498229454932 0.000115659465167 237794.576684 10134.3061579 -9.54965026522e-12 -1.06932916034e-10 -1.1589683031e-10 286.671036927 1061.75041152 100.0
46.8892387803 0.989645094483 0.271116182848 1020.6509242 0.00500530056099 0.000117284786015 234469.110408 10189.8273691 -9.96416589286e-12 -1.09901395185e-10 -1.19265510344e-10 286.427840661 1050.53201361 100.0
46.4248858777 0.989514682734 0.272876628118 1011.55457682 0.00502837950771 0.000118931773064 231191.995057 10245.6102507 -1.03958753798e-11 -1.12949076316e-10 -1.22730246661e-10 286.183483502 1039.43348783 100.0
45.9652307352 0.989382770426 0.274647064827 1002.54200662 0.00505153228519 0.000120600688962 227962.516475 10301.6554672 -1.08454532337e-11 -1.16077964355e-10 -1.262937108e-10 285.937960703 1028.45355609 100.0
45.5088904618 0.989248955863 0.276432685835 993.587012344 0.00507482842006 0.000122296820598 224770.651852 10358.1301668 -1.13150078565e-11 -1.19299712167e-10 -1.29969610114e-10 285.690538058 1017.55908314 100.0
45.0571804357 0.989113620217 0.278228207768 984.716284685 0.00509820063167 0.000124015547769 221625.298635 10414.8700693 -1.18039711647e-11 -1.22607330493e-10 -1.3375042266e-10 285.441933292 1006.78137087 100.0
44.6100536764 0.988976757986 0.28003355364 975.929773059 0.00512164982817 0.00012575714344 218525.768117 10471.8758237 -1.23131012708e-11 -1.2600298871e-10 -1.37639067403e-10 285.192141588 996.119170632 100.0
44.1674636797 0.988838363902 0.281848645091 967.227396308 0.00514517691862 0.00012752188327 215471.381885 10529.1480716 -1.28431839699e-11 -1.29488907276e-10 -1.41638541876e-10 284.941158126 985.571247104 100.0
43.7293644135 0.988698432929 0.283673402413 958.609043687 0.00516878281271 0.000129310045625 212461.471668 10586.687447 -1.33950336716e-11 -1.33067358826e-10 -1.45751924203e-10 284.688978078 975.136378153 100.0
43.2957103127 0.988556960272 0.28550774457 950.074575848 0.00519246842044 0.000131121911591 209495.379182 10644.494576 -1.39694943611e-11 -1.36740669288e-10 -1.49982375175e-10 284.435596609 964.813354687 100.0
42.8664562745 0.988413941376 0.287351589223 941.623825816 0.00521623465193 0.000132957764991 206572.45598 10702.5700768 -1.45674405898e-11 -1.40511219022e-10 -1.54333140373e-10 284.181008879 954.600980519 100.0
42.4415576538 0.988269371932 0.289204852755 933.256599954 0.00524008241706 0.000134817892394 203692.063307 10760.9145594 -1.51897784953e-11 -1.44381443977e-10 -1.5880755234e-10 283.925210041 944.498072229 100.0
42.0209702583 0.988123247881 0.291067450291 924.972678924 0.0052640126253 0.00013670258313 200853.57195 10819.5286253 -1.58374468526e-11 -1.48353836877e-10 -1.63409032816e-10 283.668195243 934.503459028 100.0
41.6046503444 0.987975565418 0.29293929572 916.771818628 0.00528802618542 0.000138612129299 198056.362099 10878.4128677 -1.65114181571e-11 -1.52430948418e-10 -1.68141095011e-10 283.409959626 924.61598262 100.0
41.1925546122 0.987826320993 0.294820301725 908.653751149 0.00531212400526 0.00014054682579 195299.823201 10937.567871 -1.72126997402e-11 -1.56615388498e-10 -1.73007345945e-10 283.150498329 914.834497076 100.0
40.784640201 0.987675511315 0.296710379798 900.618185665 0.00533630699149 0.000142506970286 192583.353826 10996.9942107 -1.79423349176e-11 -1.60909827463e-10 -1.7801148884e-10 282.889806482 905.157868693 100.0
40.3796831731 0.987522682873 0.298615038902 892.641537982 0.00536064755682 0.000144498742416 189898.545669 11056.8684378 -1.87036812346e-11 -1.65330128646e-10 -1.83172673188e-10 282.627107011 895.556972211 100.0
39.9788470569 0.98736827413 0.300528641703 884.747226758 0.00538507561257 0.000146516720731 187252.858402 11117.0167316 -1.94957638746e-11 -1.69866644818e-10 -1.88480323864e-10 282.363159919 886.059302972 100.0
39.5820899171 0.987212282576 0.302451095455 876.934894646 0.00540959206859 0.000148561214093 184645.712093 11177.4396444 -2.03197517801e-11 -1.74522260984e-10 -1.93938483551e-10 282.097960282 876.663753529 100.0
39.1893702455 0.987054705976 0.304382306306 869.204164725 0.00543419783268 0.000150632534244 182076.535496 11238.137719 -2.11768553169e-11 -1.79299928606e-10 -1.99551302559e-10 281.831503169 867.369228289 100.0
38.8006469561 0.986895542375 0.306322179317 861.554641362 0.00545889381041 0.000152730995807 179544.765919 11299.1114882 -2.20683276232e-11 -1.84202666994e-10 -2.05323041555e-10 281.563783648 858.174643387 100.0
38.415879381 0.986734790102 0.308270618492 853.985911057 0.00548368090492 0.000154856916305 177049.849096 11360.3614745 -2.29954659986e-11 -1.89233564713e-10 -2.11258074359e-10 281.294796782 849.078926563 100.0
38.0350272662 0.986572447769 0.310227526798 846.497543271 0.00550856001671 0.000157010616162 174591.239061 11421.88819 -2.39596133341e-11 -1.94395781024e-10 -2.17360890803e-10 281.024537632 840.081017033 100.0
37.6580507673 0.986408514278 0.312192806188 839.089091241 0.00553353204351 0.000159192418719 172168.398021 11483.6921364 -2.49621595829e-11 -1.99692547348e-10 -2.23636099665e-10 280.753001255 831.17986537 100.0
37.2849104454 0.986242988824 0.314166357627 831.760092774 0.00555859788006 0.00016140265024 169780.796234 11545.7738045 -2.60045432751e-11 -2.05127168751e-10 -2.30088431664e-10 280.480182705 822.374433384 100.0
36.9155672628 0.986075870894 0.316148081112 824.510071025 0.00558375841794 0.000163641639921 167427.911888 11608.1336741 -2.70882530751e-11 -2.10703025467e-10 -2.36722742527e-10 280.206077035 813.663693995 100.0
36.5499825794 0.985907160273 0.318137875699 817.338535254 0.00560901454545 0.000165909719897 165109.23098 11670.7722137 -2.82148293851e-11 -2.16423574439e-10 -2.43544016135e-10 279.930679294 805.046631122 100.0
36.1870623954 0.985736355281 0.320141509686 810.224293539 0.00563444163798 0.000168214006408 162817.595432 11733.8748008 -2.93893671062e-11 -2.22309782887e-10 -2.50578222329e-10 279.653171198 796.497376646 100.0
35.8278461239 0.985563948719 0.322153056049 803.187971066 0.00565996666061 0.000170548232161 160559.351823 11797.258604 -3.06102898041e-11 -2.28348736615e-10 -2.57810931208e-10 279.374353464 788.040334609 100.0
35.4722959631 0.985389941287 0.324172410237 796.229035091 0.00568559049855 0.000172912741177 158334.004581 11860.9240608 -3.18793184859e-11 -2.34544165215e-10 -2.6524757885e-10 279.094221094 779.674512582 100.0
35.1203744973 0.985214333994 0.326199466836 789.346941715 0.00571131403303 0.000175307880481 156141.06557 11924.8715964 -3.31982334821e-11 -2.40899882428e-10 -2.72893744481e-10 278.812769089 771.39892879 100.0
34.7720446925 0.985037128165 0.328234119598 782.54113656 0.00573713814122 0.000177734000106 153980.05398 11989.1016234 -3.45688763197e-11 -2.47419787856e-10 -2.80755154051e-10 278.52999245 763.212612003 100.0
34.4272698928 0.984858325438 0.33027626146 775.811055434 0.00576306369605 0.000180191453099 151850.496213 12053.6145419 -3.59931516478e-11 -2.54107868702e-10 -2.88837683893e-10 278.245886178 755.114601417 100.0
34.0860138161 0.984677927771 0.33232578457 769.156124971 0.00578909156613 0.000182680595526 149751.925777 12118.4107389 -3.74730292179e-11 -2.60968201538e-10 -2.97147364466e-10 277.960445271 747.103946544 100.0
33.7482405511 0.984495937438 0.334382580308 762.575763259 0.00581522261559 0.000185201786474 147683.883176 12183.4905885 -3.90105459197e-11 -2.68004954106e-10 -3.05690384182e-10 277.673664731 739.179707106 100.0
33.4139145525 0.984312357041 0.33644653931 756.069380446 0.00584145770398 0.000187755388058 145645.915808 12248.8544511 -4.06078078738e-11 -2.75222387148e-10 -3.14473093323e-10 277.38553956 731.340952918 100.0
33.083000638 0.984127189499 0.338517551492 749.63637933 0.00586779768614 0.000190341765422 143637.577857 12314.5026736 -4.2266992583e-11 -2.8262485627e-10 -3.23502008048e-10 277.096064761 723.586763786 100.0
32.7545111931 0.983939889687 0.340601592032 743.257664899 0.00589432089467 0.000192968995123 141652.685587 12380.628793 -4.39954865583e-11 -2.90239294816e-10 -3.32811331753e-10 276.804382967 715.893922707 100.0
32.4293840176 0.983751000312 0.342692503187 736.951538817 0.00592095131884 0.000195629937368 139696.718219 12447.0415944 -4.57908778043e-11 -2.98048922831e-10 -3.42381949237e-10 276.511333579 708.284317851 100.0
32.1075846969 0.983560525314 0.344790171856 730.717379744 0.00594768980611 0.00019832496971 137769.245972 12513.7413846 -4.76555929949e-11 -3.06058433384e-10 -3.52220961977e-10 276.21691156 700.757050555 100.0
31.7890791685 0.983368468969 0.346894484302 724.554561114 0.00597453719874 0.00020105447277 135869.84553 12580.7284562 -4.9592140364e-11 -3.14272623396e-10 -3.62335656454e-10 275.921111878 693.311231832 100.0
31.4738337187 0.983174835889 0.349005326171 718.462451639 0.00600149433374 0.00020381883024 133998.099936 12648.0030862 -5.16031122071e-11 -3.22696395698e-10 -3.7273350871e-10 275.623929503 685.945982273 100.0
31.1618149789 0.982979631022 0.351122582519 712.440415806 0.00602856204272 0.000206618428883 132153.598506 12715.5655366 -5.36911874503e-11 -3.31334761119e-10 -3.83422188992e-10 275.325359409 678.660431938 100.0
30.8529899217 0.982782859658 0.353246137829 706.48781435 0.00605574115183 0.000209453658532 130335.936725 12783.4160537 -5.58591342905e-11 -3.40192840614e-10 -3.94409566509e-10 275.025396575 671.453720256 100.0
30.5473258583 0.982584527424 0.35537587604 700.604004714 0.00608303248167 0.000212324912085 128544.71616 12851.5548681 -5.81098129061e-11 -3.49275867419e-10 -4.05703714297e-10 274.724035983 664.324995925 100.0
30.244790434 0.982384640291 0.357511680565 694.788341492 0.00611043684717 0.000215232585503 126779.544364 12919.982194 -6.04461782414e-11 -3.58589189251e-10 -4.17312914187e-10 274.421272619 657.273416813 100.0
29.9444831222 0.982182615037 0.359659687075 689.0235164 0.00613803545282 0.000218185716553 125035.000476 12988.89899 -6.2878485929e-11 -3.68166460521e-10 -4.29280932708e-10 274.116212616 650.277924562 100.0
29.6472585357 0.981979038868 0.361813558942 683.325928495 0.00616574937859 0.000221176287099 123315.88459 13058.1063643 -6.54032320806e-11 -3.7798650056e-10 -4.41583180027e-10 273.809731567 643.358358783 100.0
29.3530850296 0.981773918847 0.363973177099 677.694920594 0.00619357942899 0.000224204705835 121621.818421 13127.6044827 -6.80237024343e-11 -3.8805506464e-10 -4.5422867472e-10 273.501824432 636.513897149 100.0
29.0619312838 0.981567262386 0.366138422035 672.129834266 0.00622152640248 0.000227271384534 119952.42938 13197.3934935 -7.07432906652e-11 -3.9837803312e-10 -4.67226667897e-10 273.192486177 629.743726218 100.0
28.7737662997 0.981359077248 0.368309173816 666.630010203 0.00624959109141 0.00023037673804 118307.350495 13267.4735273 -7.35655016083e-11 -4.08961413862e-10 -4.80586648825e-10 272.881711777 623.047041332 100.0
28.488559397 0.981149371544 0.370485312112 661.194788572 0.00627777428197 0.000233521184262 116686.220317 13337.8446968 -7.64939545666e-11 -4.1981134468e-10 -4.94318350682e-10 272.569496212 616.423046529 100.0
28.2062802103 0.980938153739 0.372666716213 655.823509362 0.00630607675407 0.000236705144164 115088.682844 13408.5070963 -7.95323867065e-11 -4.30934095839e-10 -5.0843175643e-10 272.25583447 609.870954442 100.0
27.926898686 0.980725432647 0.374853265055 650.515512708 0.00633449928131 0.000239929041755 113514.387434 13479.4608016 -8.2684656542e-11 -4.4233607258e-10 -5.22937104826e-10 271.940721551 603.389986211 100.0
27.6503850788 0.980511217434 0.377044837237 645.270139205 0.00636304263089 0.000243193304078 111962.988725 13550.7058697 -8.59547475096e-11 -4.54023817695e-10 -5.37844896553e-10 271.62415246 596.97937139 100.0
27.3759184909 0.98029488843 0.37924770317 640.071751847 0.00639179106981 0.000246508028812 110429.734798 13622.450718 -8.93568140129e-11 -4.66039273208e-10 -5.53211051318e-10 271.305195572 590.620015355 100.0
27.1042775151 0.980077076138 0.381455376192 634.935026437 0.00642066256053 0.000249864222739 108918.830781 13694.4886819 -9.28858053859e-11 -4.78355768571e-10 -5.69003964797e-10 270.984764002 584.329895328 100.0
26.835433062 0.97985779087 0.383667732953 629.859300971 0.00644965785718 0.000253262325758 107429.943811 13766.8197599 -9.65461411457e-11 -4.90980336681e-10 -5.85235061917e-10 270.662852744 578.108259075 100.0
26.5693563416 0.979637043297 0.385884649847 624.843915052 0.00647877770717 0.000256702780785 105962.746051 13839.44393 -1.00342382641e-10 -5.03920160425e-10 -6.01916058827e-10 270.339456803 571.954362514 100.0
26.3060188603 0.979414844444 0.388106003034 619.888210142 0.00650802285111 0.000260186033736 104516.914611 13912.3611498 -1.0427923717e-10 -5.17182575495e-10 -6.19058969827e-10 270.014571193 565.867469624 100.0
26.0453924179 0.979191205693 0.390331668461 614.991529806 0.00653739402276 0.00026371253351 103092.131473 13985.5713558 -1.08361562209e-10 -5.30775073253e-10 -6.36676114436e-10 269.688190942 559.846852359 100.0
25.7874491044 0.978966138779 0.39256152188 610.15321994 0.00656689194894 0.00026728273197 101688.083421 14059.0744633 -1.12594369737e-10 -5.4470530363e-10 -6.54780124617e-10 269.360311091 553.891790562 100.0
25.5314251657 0.978738997277 0.394801919779 605.358855468 0.00659660340622 0.000270907624926 100300.48086 14133.0846928 -1.16995782234e-10 -5.59022967068e-10 -6.73438615569e-10 269.029969765 547.984592341 100.0
25.2780445738 0.978510444038 0.397046279179 600.621890556 0.00662644379695 0.00027457738944 98933.1169998 14207.389288 -1.21559133069e-10 -5.73696226466e-10 -6.92613221151e-10 268.698110183 542.141902913 100.0
25.0272800371 0.978280491977 0.399294474285 595.941673748 0.00665641383297 0.000278292490177 97585.6899977 14281.9880972 -1.26289973572e-10 -5.88733297083e-10 -7.12317675747e-10 268.364727384 536.363019231 100.0
24.779104546 0.978049154363 0.401546379185 591.317556769 0.00668651421887 0.000282053394718 96257.9025754 14356.8809458 -1.31194030063e-10 -6.04142566804e-10 -7.32566060666e-10 268.029816423 530.647245888 100.0
24.5334913695 0.977816444823 0.40380186787 586.748894708 0.00671674565192 0.000285860573527 94949.4619512 14432.0676359 -1.36277208823e-10 -6.19932599312e-10 -7.53372812268e-10 267.693372369 524.993895035 100.0
24.2904140527 0.977582377339 0.406060814257 582.235046183 0.00674710882205 0.000289714499936 93660.0797714 14507.5479463 -1.4154560119e-10 -6.36112137301e-10 -7.74752730263e-10 267.35539031 519.402286295 100.0
24.0498464139 0.977346966247 0.408323092203 577.775373504 0.00677760441174 0.000293615650109 92389.472043 14583.3216319 -1.4700548878e-10 -6.52690105741e-10 -7.96720986182e-10 267.015865349 513.871746687 100.0
23.8110780127 0.977109540107 0.410595127689 573.356585327 0.00680832181173 0.000297575985488 91133.7667793 14659.6086942 -1.52679994356e-10 -6.69725305839e-10 -8.19359259954e-10 266.673804601 508.385887804 100.0
23.5747818895 0.976870792532 0.41287025981 568.991013754 0.00683917374997 0.000301584785682 89896.3854706 14736.1902626 -1.58560355213e-10 -6.87179786805e-10 -8.42621000038e-10 266.330182209 502.960117897 100.0
23.3409324455 0.976630739048 0.415148361265 564.678027617 0.00687016089201 0.000305642539412 88677.0544698 14813.0660156 -1.64653517198e-10 -7.05063123862e-10 -8.66522689836e-10 265.984993291 497.593780056 100.0
23.1095043471 0.976389395539 0.417429304773 560.417000042 0.00690128389565 0.000309749738139 87475.5042775 14890.2356062 -1.70966641122e-10 -7.23385090322e-10 -8.91081224999e-10 265.638232983 492.28622453 100.0
22.880472523 0.976146778239 0.419712963086 556.207308566 0.00693254341086 0.000313906876038 86291.4694795 14967.6986613 -1.77507108723e-10 -7.42155661133e-10 -9.16313922927e-10 265.289896441 487.036808649 100.0
22.6538121614 0.975902903734 0.421999209011 552.04833525 0.00696394007973 0.000318114449953 85124.6886838 15045.4547817 -1.84282528783e-10 -7.61385016475e-10 -9.42238532469e-10 264.939978843 481.844896749 100.0
22.4294987076 0.975657788957 0.424287915427 547.93946678 0.00699547453642 0.000322372959365 83974.9044594 15123.5035417 -1.91300743385e-10 -7.81083545412e-10 -9.68873243805e-10 264.588475389 476.709860093 100.0
22.206871451 0.975410739533 0.42658556097 543.868467029 0.00702723888397 0.000326695401766 82838.6219807 15202.0706766 -1.98591153217e-10 -8.01320704012e-10 -9.96316627165e-10 264.234361435 471.61652123 100.0
21.9865559507 0.97516247784 0.428885425414 539.846640221 0.00705914306783 0.000331070087651 81718.9273368 15280.9312005 -2.06142288182e-10 -8.2205131929e-10 -1.02451223008e-09 263.87864287 466.579139996 100.0
21.7685282014 0.974913022006 0.431187380857 535.873382298 0.00709118770319 0.000335497528575 80615.5725048 15360.0846008 -2.13962804827e-10 -8.43286526005e-10 -1.05347979987e-09 263.521314922 461.597102745 100.0
21.5527644471 0.974662390506 0.433491299542 531.948094229 0.00712337339695 0.000339978238587 79528.3132293 15439.5303369 -2.22061622581e-10 -8.65037685493e-10 -1.08323957241e-09 263.162372845 456.669802536 100.0
21.3392411787 0.974410602155 0.43579705387 528.07018208 0.00715570074765 0.000344512734188 78456.9089647 15519.2678393 -2.30447930887e-10 -8.87316389623e-10 -1.11381228315e-09 262.801811917 451.796639067 100.0
21.1279351309 0.974157676113 0.438104516419 524.239057079 0.00718817034541 0.000349101534282 77401.1228185 15599.296509 -2.39131196486e-10 -9.10134464794e-10 -1.14521917844e-09 262.439627443 446.977018594 100.0
20.9182255238 0.973902900273 0.440420197299 520.443325478 0.00722087669207 0.000353758583378 76357.7537825 15679.8469383 -2.48147455669e-10 -9.33571936113e-10 -1.17757599102e-09 262.074766968 442.196732299 100.0
20.7106997612 0.97364701981 0.442737340151 516.693480118 0.00725372726743 0.000358471301853 75329.626382 15760.6889148 -2.5748232017e-10 -9.57576431747e-10 -1.21081617987e-09 261.708264229 437.469120688 100.0
20.5053351013 0.973390055069 0.445055817087 512.988943104 0.00728672264075 0.000363240220065 74316.5124104 15841.8217439 -2.67146224816e-10 -9.82160615848e-10 -1.24496279377e-09 261.340114576 432.79360434 100.0
20.3021090391 0.97313202673 0.447375500461 509.329141962 0.00731986337248 0.00036806587059 73318.187135 15923.2446999 -2.77149916196e-10 -1.00733740655e-09 -1.28003944619e-09 260.970313389 428.169610186 100.0
20.1009993041 0.972872955807 0.449696262886 505.713509681 0.00735315001421 0.000372948788162 72334.4292435 16004.9570254 -2.87504460934e-10 -1.03311998027e-09 -1.31607032787e-09 260.598856077 423.596571439 100.0
19.9014166006 0.972612116948 0.452024630976 502.131311826 0.00738667911634 0.000377903749977 71362.2635275 16087.1933048 -2.98252492928e-10 -1.05959832873e-09 -1.353187696e-09 260.224666587 419.061040535 100.0
19.7039182075 0.972350272849 0.454353828556 498.59241078 0.00742035604973 0.00038291739092 70404.3131295 16169.7189921 -3.09376686337e-10 -1.08671327781e-09 -1.3913152966e-09 259.848802318 414.575634481 100.0
19.5084823577 0.972087445697 0.456683728025 495.09625136 0.00745418134339 0.000387990256503 69460.3648796 16252.5332257 -3.20889225015e-10 -1.11447892698e-09 -1.43047935691e-09 259.47125874 410.139800229 100.0
19.3150875114 0.971823658006 0.459014202103 491.642284008 0.007488155517 0.000393122894168 68530.2088598 16335.6351104 -3.32802651944e-10 -1.142909655e-09 -1.47070674143e-09 259.092031355 405.752990811 100.0
19.1237123536 0.971558932613 0.461345123849 488.229964807 0.00752227908088 0.000398315853215 67613.6383549 16419.0237171 -3.45129878584e-10 -1.17202012457e-09 -1.51202496594e-09 258.711115702 401.414665273 100.0
18.934335792 0.971293292675 0.463676366679 484.858755489 0.00755655253592 0.000403569684732 66710.4498022 16502.6980824 -3.5788419443e-10 -1.20182528706e-09 -1.55446221171e-09 258.328507355 397.124288611 100.0
18.746404343 0.971025998894 0.466014465783 481.518664983 0.0075910749432 0.000408900216501 65817.9185616 16586.8974984 -3.71117621839e-10 -1.23242860513e-09 -1.59817354157e-09 257.943101475 392.869276401 100.0
18.5604411045 0.970757832934 0.468352633951 478.218852486 0.00762574907941 0.000414293084256 64938.4451537 16671.3822621 -3.84808534825e-10 -1.26376160063e-09 -1.64306913409e-09 257.555984414 388.661427509 100.0
18.3764254633 0.970488819101 0.470690744665 474.958792257 0.00766057542062 0.000419748848786 64071.8335292 16756.1512953 -3.98971542665e-10 -1.29584025714e-09 -1.68917951828e-09 257.167151823 384.500219961 100.0
18.1943370223 0.970218982011 0.473028671823 471.737964276 0.00769555443299 0.000425268072378 63217.8906361 16841.2034832 -4.13621677826e-10 -1.32868086977e-09 -1.73653595663e-09 256.776599394 380.385137538 100.0
18.0141555977 0.969948346586 0.475366289752 468.55585424 0.00773068657271 0.000430851318731 62376.4263735 16926.5376745 -4.28774406724e-10 -1.36230005022e-09 -1.78517046081e-09 256.38432286 376.315669716 100.0
17.8353559331 0.969676163729 0.47771013112 465.403050675 0.0077660730348 0.00043651533638 61544.9086132 17012.3969975 -4.44491044313e-10 -1.39681393214e-09 -1.83526000663e-09 255.989193004 372.279910155 100.0
17.6584341484 0.969403229098 0.480053409698 462.288167287 0.00780161438632 0.000442244881493 60725.5665158 17098.5375001 -4.60745654308e-10 -1.43214526312e-09 -1.8867017227e-09 255.592320738 368.289014105 100.0
17.4833705208 0.969129568739 0.48239600011 459.210702617 0.00783731105657 0.000448040526357 59918.2170202 17184.9579065 -4.77555218115e-10 -1.4683117875e-09 -1.93953026369e-09 255.193701892 364.342483533 100.0
17.3101455347 0.968855208993 0.484737777465 456.170160934 0.00787316346439 0.000453902844328 59122.67987 17271.656902 -4.94937201929e-10 -1.5053315907e-09 -1.99378110871e-09 254.793332338 360.43982592 100.0
17.1387398793 0.968580176493 0.487078617369 453.166052213 0.00790917201803 0.000459832409735 58338.7775705 17358.6331322 -5.12909568806e-10 -1.54322310461e-09 -2.04949057877e-09 254.391207995 356.58055419 100.0
16.9686551595 0.96830371409 0.489425041407 450.189510592 0.00794544008021 0.000465846932971 57564.1570683 17446.1334697 -5.31544463778e-10 -1.58211657578e-09 -2.10686053618e-09 253.986174928 352.753405365 100.0
16.8003618371 0.96802662962 0.491770273657 447.248639372 0.00798186596665 0.000471930245639 56800.8882828 17533.9097702 -5.50810835654e-10 -1.62192491363e-09 -2.16577319535e-09 253.579369015 348.968924434 100.0
16.6338410446 0.967748950805 0.494114190241 444.342961484 0.00801845005649 0.000478082929306 56048.8003139 17621.9605455 -5.70728382141e-10 -1.6626677904e-09 -2.22626784715e-09 253.170786289 345.226636301 100.0
16.4690741129 0.967470705648 0.496456667833 441.472005525 0.00805519271775 0.000484305566101 55307.7248855 17710.2842656 -5.91317354828e-10 -1.70436525097e-09 -2.28838470744e-09 252.760422835 341.526071142 100.0
16.3055831716 0.967191131936 0.498804212826 438.627317972 0.00809219907045 0.000490616667036 54575.4429209 17799.1307198 -6.12659862863e-10 -1.74716000831e-09 -2.35234801918e-09 252.347104692 337.856456201 100.0
16.1438190317 0.9669110459 0.501150063973 435.816616864 0.00812936560161 0.000496999291775 53853.9048125 17888.2484575 -6.3472012727e-10 -1.79095628999e-09 -2.41802662141e-09 251.931987991 334.227870341 100.0
15.9837634548 0.966630476603 0.503494098636 433.039443752 0.00816669264814 0.00050345402843 53142.9485573 17977.6358065 -6.57520333282e-10 -1.83577547551e-09 -2.48546399272e-09 251.515068944 330.639855347 100.0
15.8253983947 0.966349453374 0.505836194777 430.295345782 0.0082041805353 0.000509981465217 52442.414646 18067.2910502 -6.81083282522e-10 -1.8816393446e-09 -2.55470462667e-09 251.096343822 327.091958099 100.0
15.6687059963 0.966068005803 0.508176230972 427.583875655 0.00824182957658 0.000516582190331 51752.1460238 18157.2124279 -7.05432407732e-10 -1.92857008317e-09 -2.62579405241e-09 250.675808952 323.583730522 100.0
15.5132329615 0.965785367043 0.510520687327 424.897068164 0.00827974711187 0.000523275751817 51070.0808789 18247.653268 -7.30664030369e-10 -1.97672750444e-09 -2.69898775695e-09 250.252265076 320.104985228 100.0
15.3594066567 0.965502361913 0.512862829406 422.242188825 0.0083178273084 0.000530044200405 50398.0300396 18338.3580642 -7.5673544381e-10 -2.02600376993e-09 -2.77413563334e-09 249.826893995 316.665246565 100.0
15.2072096401 0.965219021018 0.51520253667 419.618803125 0.00835607044595 0.000536888128437 49735.8423249 18429.324903 -7.83672284197e-10 -2.07642252134e-09 -2.85128686389e-09 249.399692189 313.264077578 100.0
15.0566246546 0.964935375212 0.517539689239 417.026482001 0.00839447679193 0.0005438081277 49083.368886 18520.5518237 -8.11500888384e-10 -2.12800783577e-09 -2.93049176521e-09 248.970656199 309.901046193 100.0
14.9072171727 0.964650655459 0.51988074001 414.457628676 0.0084331554797 0.000550824607029 48438.6655442 18612.294885 -8.40330612696e-10 -2.18093460356e-09 -3.01203387584e-09 248.538566303 306.566410913 100.0
14.75939661 0.96436569194 0.522218982255 411.919167304 0.00847199879735 0.000557918776443 47803.4383909 18704.295403 -8.7011236286e-10 -2.23508435195e-09 -3.09574610896e-09 248.104625106 303.269272667 100.0
14.613146111 0.964080516488 0.524554297134 409.410681422 0.00851100697628 0.000565091230195 47177.5441628 18796.5512552 -9.00874922039e-10 -2.29048271922e-09 -3.18168278222e-09 247.668829318 300.009210157 100.0
14.4684489995 0.963795161164 0.526886566511 406.931759895 0.00855018023488 0.000572342561388 46560.8418112 18889.0602702 -9.32647849895e-10 -2.34715580954e-09 -3.26989945373e-09 247.231175718 296.7858068 100.0
14.3248887901 0.963508856102 0.529222210832 404.475156192 0.00858962951291 0.000579694066438 45951.4982089 18982.0811396 -9.65555168379e-10 -2.40529490702e-09 -3.36071065553e-09 246.790423941 293.589748654 100.0
14.1828576538 0.963222435405 0.531554556747 402.047471013 0.00862924519928 0.000587126083127 45351.120672 19075.3520711 -9.9954049539e-10 -2.46476991007e-09 -3.45393043032e-09 246.347797629 290.429730912 100.0
14.0423393042 0.962935932071 0.533883487306 399.648305577 0.00866902747397 0.000594639205126 44759.5734625 19168.8707224 -1.03463610148e-09 -2.52560859443e-09 -3.54961871173e-09 245.90329375 287.305347431 100.0
13.9029302993 0.962648576604 0.536215394962 397.27066386 0.00870908863963 0.000602255413593 44175.1024012 19262.897686 -1.07097826341e-09 -2.58801553085e-09 -3.64811551987e-09 245.455656328 284.207592654 100.0
13.7650102896 0.962361205134 0.538543634828 394.920914351 0.00874931764908 0.0006099543724 43599.2441521 19357.1688846 -1.10850454389e-09 -2.65185125217e-09 -3.74921951387e-09 245.00612493 281.144867795 100.0
13.6285633714 0.962073851564 0.540868091251 392.598670453 0.00878971464184 0.000617736674206 43031.8681052 19451.6817976 -1.14725014552e-09 -2.71714529622e-09 -3.85299531419e-09 244.554696729 278.116776941 100.0
13.4935738111 0.961786549997 0.543188649359 390.303550654 0.00883027974318 0.000625602909308 42472.8456796 19546.4338509 -1.18725119846e-09 -2.78392772453e-09 -3.95950899037e-09 244.101368981 275.122928633 100.0
13.3596550094 0.961498532606 0.545511660136 388.028879343 0.00887112707983 0.000633575993197 41920.5231615 19641.6880759 -1.22866197149e-09 -2.85242207166e-09 -4.06913744215e-09 243.644864762 272.154714738 100.0
13.2271705372 0.961210636774 0.547830521816 385.780730656 0.008912143674 0.000641634660906 41376.3480428 19737.1774297 -1.27141087279e-09 -2.92247528515e-09 -4.18165664283e-09 243.186445085 269.220159828 100.0
13.0961050322 0.960922897459 0.55014512096 383.558734939 0.00895332960781 0.000649779499411 40840.1966164 19832.8991505 -1.31553727049e-09 -2.99411930747e-09 -4.29713777311e-09 242.726107434 266.318882349 100.0
12.9660840685 0.960634549136 0.552461773892 381.356445572 0.00899480038096 0.000658034143467 40310.4865775 19929.1180119 -1.36121043777e-09 -3.06759302378e-09 -4.41598802595e-09 242.262559064 263.442560743 100.0
12.8374595449 0.96034642915 0.554773914517 379.179725435 0.00903644155825 0.000666376611453 39788.6016451 20025.5648035 -1.40835118503e-09 -3.14273244777e-09 -4.53796488664e-09 241.79707721 260.598946753 100.0
12.7102164636 0.960058573283 0.557081430932 377.028216513 0.00907825317649 0.000674807485102 39274.4228175 20122.2365685 -1.45700237308e-09 -3.21957149994e-09 -4.66314499839e-09 241.329659601 257.787668521 100.0
12.5843399876 0.95977101748 0.559384212079 374.901565599 0.00912023525682 0.000683327342339 38767.8329496 20219.1302913 -1.50720796344e-09 -3.29814468595e-09 -4.79160668793e-09 240.860304054 255.0083584 100.0
12.4594714073 0.959483000516 0.561688524051 372.793618765 0.00916250513234 0.000691960797378 38267.3405928 20316.5129568 -1.55915921476e-09 -3.37871277432e-09 -4.92380092897e-09 240.387696624 252.253064068 100.0
12.3359476351 0.959195358153 0.563987853322 370.709971204 0.00920494641278 0.000700684882571 37774.2489922 20414.1125638 -1.61276547288e-09 -3.46109593411e-09 -5.05945796087e-09 239.913136369 249.529187812 100.0
12.2137541877 0.958908127102 0.566282090494 368.650280972 0.00924755907101 0.000709500167841 37288.4454729 20511.9258919 -1.66807454194e-09 -3.54533077535e-09 -5.19866204868e-09 239.436621377 246.836371373 100.0
12.0925437118 0.958620550462 0.568577460544 366.608603173 0.00929046181653 0.000718432019616 36808.503154 20610.2214833 -1.72529597691e-09 -3.63169575703e-09 -5.34190008168e-09 238.956821712 244.166928608 100.0
11.9726422435 0.958333461777 0.570867492584 364.590340936 0.00933353678592 0.000727456710636 36335.6677362 20708.7253116 -1.78432961964e-09 -3.71999830531e-09 -5.48888010333e-09 238.475052917 241.528008729 100.0
11.8540356462 0.958046898483 0.573152078976 362.59516333 0.00937678390136 0.000736574800528 35869.8308592 20807.4339441 -1.84522740681e-09 -3.81027723719e-09 -5.63969270919e-09 237.991313373 238.919262665 100.0
11.7363875931 0.957760108898 0.575437400865 360.617326486 0.0094203232485 0.000745812421691 35409.6275052 20906.6173924 -1.90821880034e-09 -3.90282980602e-09 -5.79486341416e-09 237.504257084 236.333262234 100.0
11.6200135661 0.957473923377 0.577717032935 358.662049133 0.00946403548527 0.000755145068583 34956.2482995 21005.9996738 -1.97319319185e-09 -3.99744983533e-09 -5.95407626338e-09 237.015216195 233.77691155 100.0
11.5048997685 0.957188380035 0.579990869396 356.729011086 0.00950792048063 0.000764573288083 34509.5890452 21105.5771349 -2.04020695646e-09 -4.09417845392e-09 -6.11742859323e-09 236.524189396 231.249870537 100.0
11.3907205787 0.956902733325 0.582265044891 354.812661764 0.00955209969477 0.00077412399183 34068.343992 21205.6211641 -2.10951119851e-09 -4.19333287234e-09 -6.28548743791e-09 236.029814574 228.744960983 100.0
11.2777812378 0.956617809419 0.584533182559 352.918042876 0.00959645230256 0.000783771877431 33633.6510571 21305.8538958 -2.18098382509e-09 -4.29469239839e-09 -6.45791090059e-09 235.533440582 226.268849654 100.0
11.1660682826 0.956333647066 0.586795178546 351.044844711 0.00964097811721 0.00079351747638 33205.4100601 21406.2714485 -2.25468597157e-09 -4.39830057926e-09 -6.63480348655e-09 235.035066438 223.821205279 100.0
11.0552664836 0.956049507776 0.58905711837 349.187702491 0.00968579997034 0.000803388492287 32782.3720277 21507.1464883 -2.33089225277e-09 -4.5044958067e-09 -6.81677683638e-09 234.533313868 221.395091847 100.0
10.9456711465 0.955766212533 0.591312676453 347.351488014 0.00973079555068 0.000813358807479 32365.6244374 21608.1993462 -2.40946796139e-09 -4.61304190345e-09 -7.00346101613e-09 234.029548525 218.99694631 100.0
10.8372691348 0.955483800667 0.593561750966 345.535901765 0.00977596461297 0.000823428935255 31955.0709839 21709.4259045 -2.49047933075e-09 -4.72398494313e-09 -7.19496814534e-09 233.523769783 216.62644601 100.0
10.7297553065 0.955201541687 0.595810375721 343.735757533 0.00982143135569 0.000833627383301 31549.5170808 21811.100003 -2.57422649447e-09 -4.83768578595e-09 -7.39195776148e-09 233.01458316 214.276889584 100.0
10.6234153288 0.954920250357 0.598052279206 341.95576405 0.00986707197964 0.000843927200451 31150.0019405 21912.9402539 -2.66056089756e-09 -4.95389174106e-09 -7.5940296359e-09 232.503371207 211.954491492 100.0
10.5179505901 0.954639202154 0.600293459049 340.190849559 0.00991301159121 0.000854357438678 30755.365732 22015.2212075 -2.74980108485e-09 -5.07297954122e-09 -7.80187752595e-09 231.98872861 209.652701984 100.0
10.4136404587 0.954359207229 0.602527681032 338.445616982 0.00995912539801 0.000864890582477 30366.6164063 22117.6603681 -2.84178873325e-09 -5.19468502142e-09 -8.01508000714e-09 231.472049229 207.377590307 100.0
10.3104722942 0.954080305882 0.604754846616 336.719782413 0.0100054130502 0.000875527109352 29983.6635701 22220.2531947 -2.93659957551e-09 -5.31905884825e-09 -8.23376327324e-09 230.953333078 205.128846912 100.0
10.2081570915 0.953801783185 0.606980897484 335.008441309 0.0100520010109 0.000886296894636 29605.3980647 22323.275224 -3.03458139941e-09 -5.4465025451e-09 -8.45867501554e-09 230.431158582 202.900144797 100.0
10.1069650508 0.953524441314 0.609199658065 333.31604428 0.0100987629983 0.000897171558748 29232.7829716 22426.4423946 -3.13555972548e-09 -5.57673356921e-09 -8.6893593498e-09 229.906936644 200.69734229 100.0
10.0068838427 0.953248321013 0.611411032069 331.642316903 0.0101456985964 0.000908151552486 28865.7314296 22529.7499079 -3.23961638115e-09 -5.70980541468e-09 -8.92595138101e-09 229.380667699 198.520137999 100.0
9.90763378443 0.952972717912 0.613620902787 329.982515238 0.0101929356161 0.000919267584628 28503.1828083 22633.4741664 -3.34713082426e-09 -5.8461458641e-09 -9.16925662428e-09 228.850913894 196.362420654 100.0
9.80947618496 0.952698425144 0.615823155935 328.340943783 0.0102403462884 0.000930490394165 28146.0572638 22737.3296444 -3.45791086485e-09 -5.98545279399e-09 -9.41878198361e-09 228.319103248 194.22984445 100.0
9.71213739485 0.952424746035 0.61802363425 326.712961474 0.0102880593162 0.000941851252325 27793.3251709 22841.5932383 -3.57235876318e-09 -6.12817251196e-09 -9.67537422728e-09 227.783787051 192.116437466 100.0
9.61587291345 0.952152467199 0.620216265494 325.102778029 0.0103359459396 0.000953320302162 27445.8788859 22945.9784913 -3.69026984012e-09 -6.27398929467e-09 -9.93851422553e-09 227.246404767 190.027720698 100.0
9.52041501003 0.951880900104 0.622406850771 323.505852604 0.010384135749 0.000964929381534 27102.7189388 23050.762735 -3.81207041276e-09 -6.42336870918e-09 -1.02090919858e-08 226.705496823 187.95785875 100.0
9.42601348797 0.951610824352 0.624589361067 321.926302679 0.0104324989943 0.000976648029544 26764.710679 23155.6586301 -3.93754252971e-09 -6.57598084186e-09 -1.04865609735e-08 226.162514162 185.912242202 100.0
9.33265665685 0.951342281725 0.62676370514 320.363873525 0.01048103509 0.000988476622635 26431.7745811 23260.6607189 -4.06678433355e-09 -6.73188654032e-09 -1.07710799343e-08 225.617458302 183.89058649 100.0
9.24008549048 0.951074596558 0.628935620099 318.814170635 0.0105298749487 0.00100044785329 26102.9551308 23366.0468915 -4.20026026308e-09 -6.891581408e-09 -1.10636069137e-08 225.068853387 181.887256736 100.0
9.1485415054 0.950808536839 0.631099144286 317.281178806 0.0105788873408 0.0010125303388 25779.0789268 23471.5286035 -4.33773047147e-09 -7.05471283545e-09 -1.13635508783e-08 224.518167628 179.907454187 100.0
9.0577713073 0.95054343615 0.633259970599 315.760597217 0.010628204051 0.00102475734663 25459.2185327 23577.3840239 -4.47968679373e-09 -7.22179758901e-09 -1.16719183482e-08 223.963914326 177.945673445 100.0
8.96801099912 0.950280054235 0.635412183417 314.256324623 0.0106776928655 0.00103709687174 25144.175455 23683.3238572 -4.62587394659e-09 -7.3924673014e-09 -1.19880871602e-08 223.40757323 176.006992241 100.0
8.87901271042 0.950017734371 0.637561430403 312.764151431 0.0107274864344 0.00104958275955 24833.049561 23789.626485 -4.77681262597e-09 -7.56726071944e-09 -1.23131145882e-08 222.847646805 174.086032006 100.0
8.79100723752 0.949757227553 0.639701843097 311.287892693 0.0107774515627 0.0010621823753 24526.617984 23896.0019171 -4.93223115745e-09 -7.74579304298e-09 -1.26463457123e-08 222.285626362 172.187749566 100.0
8.70375212751 0.949497887203 0.641839022921 309.823427645 0.0108277217584 0.00107493014499 24224.0071413 24002.728679 -5.09268062794e-09 -7.92862584204e-09 -1.29888909296e-08 221.720003543 170.306890575 100.0
8.61747297535 0.949240455059 0.643967149679 308.374489921 0.0108781628485 0.00108779279696 23925.9704927 24109.5161437 -5.25787196193e-09 -8.1153571822e-09 -1.33400608553e-08 221.152281242 168.44829352 100.0
8.53193264103 0.948984295144 0.646091777562 306.937045237 0.0109289091907 0.00110080533997 23631.6602709 24216.6429103 -5.4283882345e-09 -8.30657232488e-09 -1.37010214719e-08 220.5809403 166.606825717 100.0
8.44735162166 0.948730139424 0.64820713573 305.514748042 0.0109798256383 0.00111393385855 23341.8069431 24323.8177754 -5.60392190093e-09 -8.50185147282e-09 -1.40710471359e-08 220.007495207 164.787209835 100.0
8.36349798721 0.948477362974 0.650318730168 304.103648232 0.0110310473899 0.00112721394598 23055.5878421 24431.3193387 -5.78508969057e-09 -8.70180447273e-09 -1.4451361972e-08 219.430416023 162.984432334 100.0
8.28058723871 0.948226687476 0.652420840464 302.707323258 0.0110824383293 0.00114061103633 22773.7111051 24538.8558837 -5.97156446034e-09 -8.90599290798e-09 -1.48412021955e-08 218.851228851 161.203102541 100.0
8.19839255482 0.947977499511 0.654518923438 301.321904945 0.0111341344868 0.0011541613087 22495.3784678 24646.7059353 -6.1639983305e-09 -9.11505213037e-09 -1.52418527265e-08 218.268392998 159.438323586 100.0
8.1171245406 0.947730509957 0.656607310166 299.950895876 0.011185998782 0.00116782954034 22221.2763822 24754.5773294 -6.36204336636e-09 -9.32852431865e-09 -1.56525096639e-08 217.683446187 157.694593886 100.0
8.0365613838 0.947485117355 0.658691407363 298.590507611 0.0112381680667 0.00118165249698 21950.6303086 24862.7484389 -6.56638888787e-09 -9.5470712756e-09 -1.60745214741e-08 217.094837003 155.967130809 100.0
7.9569088919 0.947242021262 0.660765598628 297.244169949 0.0112905043019 0.00119559429304 21684.1056401 24970.9267199 -6.77666490824e-09 -9.77021496047e-09 -1.6507042068e-08 216.504114796 154.26032425 100.0
7.87795016371 0.947000632628 0.66283523965 295.908172031 0.0113431451504 0.00120969228121 21420.9509013 25079.3903138 -6.99359982961e-09 -9.99864459917e-09 -1.69514863096e-08 215.909717467 152.569503429 100.0
7.79988630594 0.946761639169 0.664894767572 294.585872911 0.011395951621 0.00122390990734 21161.8110362 25187.8463672 -7.21680028211e-09 -1.02318610862e-08 -1.74069637489e-08 215.313205991 150.898952061 100.0
7.72250523204 0.946524464697 0.666949486155 293.273637208 0.0114490621759 0.0012382851109 20905.9569902 25296.5727081 -7.44703570757e-09 -1.0470582069e-08 -1.78749586e-08 214.713007629 149.244108873 100.0
7.6460034431 0.94628978456 0.668993887086 291.97475522 0.0115023368789 0.00125278066387 20654.0138511 25405.2762471 -7.68388794832e-09 -1.07142865008e-08 -1.83545337744e-08 214.110694977 147.609153704 100.0
7.57017357237 0.946057035887 0.671033221311 290.685664989 0.0115559149795 0.00126743509176 20405.2743591 25514.2344143 -7.92816951972e-09 -1.09637214755e-08 -1.88472458915e-08 213.504684701 145.98963248 100.0
7.49520760884 0.945826881132 0.673062036048 289.409590003 0.0116096556042 0.00128221048773 20160.3443224 25623.1539602 -8.17943599431e-09 -1.12183430966e-08 -1.93521088379e-08 212.896561013 144.389623424 100.0
7.42090281233 0.945598771187 0.675085528562 288.143039716 0.0116636987767 0.00129714596204 19918.5376663 25732.3118304 -8.4385450723e-09 -1.14789289557e-08 -1.9870754797e-08 212.284730039 142.804777399 100.0
7.34725606277 0.945372770101 0.677103543756 286.885915332 0.0117180444288 0.00131224239668 19679.8246243 25841.6994788 -8.70573006559e-09 -1.17456129805e-08 -2.04035504943e-08 211.669181848 141.235010082 100.0
7.27445271638 0.945149520178 0.679110713649 285.641342933 0.0117725502926 0.0013274608581 19444.7829104 25951.0235316 -8.98050490836e-09 -1.20178156006e-08 -2.09494326522e-08 211.051518067 139.684250544 100.0
7.20229677372 0.944928493993 0.681112153009 284.405934808 0.0118273575234 0.00134284133082 19212.7569406 26060.5600064 -9.26380003073e-09 -1.22963626234e-08 -2.15101542138e-08 210.430129128 138.148302219 100.0
7.13096930099 0.944710319626 0.683102551841 283.18275484 0.0118823229375 0.00135834419096 18984.3065051 26170.0155703 -9.55509901926e-09 -1.25806491882e-08 -2.20845963685e-08 209.806628245 136.630997928 100.0
7.06027870513 0.944494484549 0.685086969089 281.968482 0.0119375884295 0.00137401000247 18758.7957825 26279.6655279 -9.85538321247e-09 -1.28715343979e-08 -2.26745961357e-08 209.179395458 135.128240697 100.0
6.99022187109 0.944281054448 0.687065250894 280.763020149 0.0119931536906 0.00138983950963 18536.1964335 26389.5003484 -1.01649149901e-08 -1.31691639578e-08 -2.3280561051e-08 208.548422396 133.639946992 100.0
6.92097356007 0.944070635245 0.689032175685 279.569342533 0.0120488741775 0.00140579204629 18317.0421334 26499.2268868 -1.04831298453e-08 -1.3472893535e-08 -2.39012849029e-08 207.915339627 132.169808382 100.0
6.85234859703 0.943862737783 0.690992716799 278.384224087 0.0121048928593 0.00142190903905 18100.7254984 26609.1191635 -1.08110909095e-08 -1.37836348053e-08 -2.45387388759e-08 207.278511756 130.713872658 100.0
6.78434386239 0.943657428678 0.692946721207 277.207570038 0.0121612092711 0.00143819113774 17887.2189639 26719.1670215 -1.11490795104e-08 -1.41015409778e-08 -2.5193356937e-08 206.637931439 129.272056558 100.0
6.71712799998 0.943455290472 0.694889057895 276.042266842 0.0122176775337 0.00145459662632 17677.031205 26829.0777049 -1.14964787373e-08 -1.44259257867e-08 -2.58638387126e-08 205.99524655 127.84791493 100.0
6.65052206865 0.943255858392 0.696824612782 274.885181512 0.0122744416533 0.00147116778423 17469.5821239 26939.1237233 -1.1854439402e-08 -1.47577562529e-08 -2.65522982041e-08 205.348806433 126.437635866 100.0
6.58452294737 0.943059199871 0.698753233852 273.73622066 0.0123315010006 0.00148790515723 17264.8449264 27049.2942784 -1.22232626657e-08 -1.50971932739e-08 -2.72591968802e-08 204.698604841 125.041136457 100.0
6.51929334593 0.942865872853 0.700669882726 272.598187691 0.0123887083876 0.00150476597368 17063.3043581 27159.2972147 -1.26022745496e-08 -1.54435060557e-08 -2.79831329576e-08 204.046306887 123.661839227 100.0
6.45466037702 0.942675437947 0.702579356155 271.468037924 0.0124462088165 0.00152179335359 16864.406499 27269.4032962 -1.29927197313e-08 -1.57977198305e-08 -2.87263722969e-08 203.39024685 122.296068233 100.0
6.39062092111 0.942487963287 0.70448150333 270.345679378 0.0125040014861 0.0015389877287 16668.1253203 27379.6010692 -1.33949200604e-08 -1.61600033462e-08 -2.94894048875e-08 202.730419657 120.943740978 100.0
6.32733193304 0.942303980999 0.706371380511 269.233836027 0.0125619379293 0.00155630526827 16474.9226662 27489.5992011 -1.38081394489e-08 -1.65295785477e-08 -3.02707197735e-08 202.068507562 119.608151961 100.0
6.26462640333 0.942123078057 0.708253693611 268.129547847 0.0126201641006 0.0015737899179 16284.2697281 27599.6664673 -1.42337229213e-08 -1.69075318343e-08 -3.10727441036e-08 201.402830007 118.285756964 100.0
6.20250121677 0.941945323171 0.710128293217 267.032724287 0.0126786790189 0.00159144198513 16096.1412369 27709.7907458 -1.46720138262e-08 -1.72940399408e-08 -3.18959973368e-08 200.733383164 116.976473965 100.0
6.14095324291 0.941770785342 0.711995030206 265.943274924 0.0127374816365 0.00160926173286 15910.5120741 27819.9596606 -1.51233635894e-08 -1.76892826471e-08 -3.27410100482e-08 200.06016366 115.680220696 100.0
6.08013201287 0.94159996049 0.713849089899 264.863822841 0.0127964218273 0.00162720391507 15727.8149581 27929.8833143 -1.55869454556e-08 -1.8092414698e-08 -3.36061136958e-08 199.384876456 114.400126936 100.0
6.0198780719 0.941432472374 0.715695054382 263.791515084 0.0128556467383 0.00164531354914 15547.5528818 28039.8274089 -1.60642496305e-08 -1.85046091819e-08 -3.44939669839e-08 198.705821616 113.132817308 100.0
5.96018829794 0.941268390394 0.717532776199 262.72626271 0.0129151551307 0.0016635907594 15369.7014831 28149.778884 -1.65556500814e-08 -1.8926054018e-08 -3.54051311549e-08 198.022997116 111.878210114 100.0
5.90105955551 0.941107784174 0.719362108294 261.667976931 0.0129749456955 0.00168203562031 15194.2365542 28259.7244188 -1.70615292354e-08 -1.93569402294e-08 -3.63401790099e-08 197.336401422 110.63622345 100.0
5.84248869616 0.940950723549 0.721182904032 260.616569122 0.0130350170521 0.00170064815494 15021.1340432 28369.6504306 -1.75822780827e-08 -1.97974619595e-08 -3.72996950285e-08 196.646033502 109.406775222 100.0
5.78461637152 0.940797656179 0.722990514765 259.574544276 0.0130952170878 0.00171938135012 14850.7924871 28479.2694198 -1.81169419285e-08 -2.02466824228e-08 -3.82817915834e-08 195.953626397 108.192798878 100.0
5.72729215335 0.940648254292 0.724789363778 258.539174789 0.0131556943074 0.00173828150705 14682.752195 28588.8425562 -1.86672114221e-08 -2.0705891442e-08 -3.92894441427e-08 195.257456668 106.991120092 100.0
5.67051290679 0.940502587873 0.726579306463 257.510373596 0.0132164471253 0.0017573484915 14516.9898688 28698.3555561 -1.92335012311e-08 -2.11752914099e-08 -4.03232691047e-08 194.557524775 105.801657453 100.0
5.61427548575 0.940360727044 0.728360198746 256.48805383 0.0132774738802 0.00177658211245 14353.4823697 28807.7938689 -1.98162348966e-08 -2.16550878673e-08 -4.1383894886e-08 193.853831717 104.624329401 100.0
5.55857673343 0.940222742047 0.730131897112 255.472128836 0.013338772834 0.0017959821206 14192.2067195 28917.1426756 -2.04158449149e-08 -2.21454895098e-08 -4.24719620107e-08 193.146379047 103.459054234 100.0
5.50341348286 0.940088703222 0.731894258637 254.462512179 0.0134003421706 0.00181554820686 14033.1401024 29026.3868875 -2.10327728144e-08 -2.26467081932e-08 -4.35881231928e-08 192.435168884 102.305750127 100.0
5.44891630061 0.939958995862 0.73364284062 253.461578474 0.013462027544 0.00183523125702 13876.6431326 29135.2428561 -2.16658856774e-08 -2.31576850695e-08 -4.47301910326e-08 191.721967366 101.167128535 100.0
5.39494501585 0.939833353822 0.735381870398 252.466739015 0.0135239788754 0.00185507901166 13722.2976262 29243.9652576 -2.23171441214e-08 -2.36798627463e-08 -4.59015632288e-08 191.005024071 100.040242647 100.0
5.34149648114 0.939711847258 0.737111207534 251.477909032 0.0135861941275 0.00187509098135 13570.0815179 29352.5382905 -2.29870143083e-08 -2.42134612979e-08 -4.71029253475e-08 190.284342782 98.9250114512 100.0
5.28856754045 0.939594546347 0.738830712292 250.495004017 0.0136486711812 0.00189526661143 13419.9729069 29460.9458812 -2.3675971615e-08 -2.47587039383e-08 -4.83349753104e-08 189.559927889 97.8213538483 100.0
5.2361550296 0.939481521262 0.740540245674 249.517939727 0.0137114078342 0.0019156052805 13271.9500581 29569.1716834 -2.4384500679e-08 -2.5315817015e-08 -4.95984234336e-08 188.831784399 96.729188659 100.0
5.18425577676 0.939372842151 0.742239669447 248.546632201 0.0137744018005 0.00193610629892 13125.9914036 29677.1990771 -2.51130954351e-08 -2.58850299999e-08 -5.08939924565e-08 188.099917952 95.6484346368 100.0
5.13286660293 0.939268579115 0.743928846176 247.580997771 0.0138376507089 0.00195676890734 12982.0755442 29785.0111686 -2.58622591444e-08 -2.64665754778e-08 -5.22224175599e-08 187.36433483 94.5790104787 100.0
5.08198432239 0.939168802181 0.74560763926 246.620953073 0.013901152102 0.00197759227521 12840.1812503 29892.5907898 -2.66325044155e-08 -2.70606891315e-08 -5.35844463729e-08 186.625041968 93.5208348365 100.0
5.03160574316 0.939073581285 0.747275912959 245.666415063 0.0139649034353 0.0019985754993 12700.2874638 29999.9204981 -2.74243532151e-08 -2.76676097246e-08 -5.49808389677e-08 185.88204697 92.4738263272 100.0
4.98172766748 0.93898298624 0.748933532432 244.717301026 0.0140289020762 0.00201971760225 12562.3732984 30106.9825766 -2.82383368714e-08 -2.82875790804e-08 -5.64123678416e-08 185.135358116 91.4379035439 100.0
4.93234689223 0.938897086718 0.750580363769 243.773528591 0.0140931453026 0.00204101753112 12426.4180418 30213.7590336 -2.90749960651e-08 -2.89208420583e-08 -5.78798178867e-08 184.384984378 90.4129850663 100.0
4.8834602094 0.938815952222 0.752216274023 242.835015745 0.0141576303028 0.00206247415593 12292.4011559 30320.2316034 -2.99348808117e-08 -2.95676465266e-08 -5.93839863448e-08 183.63093543 89.3989894712 100.0
4.83506440655 0.938739652061 0.753841131247 241.901680843 0.0142223541734 0.00208408626826 12160.3022785 30426.3817466 -3.08185504321e-08 -3.02282433318e-08 -6.0925682749e-08 182.873221659 88.3958353427 100.0
4.78715626719 0.938668255323 0.755454804525 240.973442624 0.0142873139194 0.00210585257985 12030.1012241 30532.1906504 -3.17265735117e-08 -3.09028862645e-08 -6.25057288491e-08 182.111854179 87.4034412824 100.0
4.73973257128 0.938601830852 0.757057164008 240.050220225 0.0143525064527 0.00212777172121 11901.7779848 30637.6392297 -3.26595278475e-08 -3.15918320219e-08 -6.41249585225e-08 181.346844842 86.4217259194 100.0
4.69279009562 0.938540447216 0.758648080949 239.131933193 0.0144179285913 0.00214984224026 11775.3127316 30742.7081278 -3.36180003826e-08 -3.22953401654e-08 -6.5784217668e-08 180.578206251 85.4506079202 100.0
4.64632561427 0.938484172685 0.760227427739 238.218501501 0.0144835770587 0.002172062601 11650.6858148 30847.3777177 -3.46025871273e-08 -3.30136730759e-08 -6.74843640825e-08 179.805951769 84.4900059984 100.0
4.60022760853 0.938432960454 0.761798774369 237.307700501 0.0145496046527 0.00219448429993 11527.5892386 30951.8743358 -3.56163188635e-08 -3.37488499229e-08 -6.92304403858e-08 179.028254933 83.5376023284 100.0
4.55460387254 0.938387018354 0.763358225513 236.401628278 0.014615852026 0.002217052949 11406.3020694 31055.9282961 -3.66575028828e-08 -3.44994495136e-08 -7.10193386404e-08 178.246963046 82.5956116784 100.0
4.50945113241 0.93834641388 0.764905656832 235.50020538 0.0146823155856 0.0022397667366 11286.8049973 31159.5190464 -3.77267653823e-08 -3.52657438382e-08 -7.28519564799e-08 177.462092002 81.6639519665 100.0
4.46476611357 0.938311214105 0.766440945283 234.60335285 0.0147489916399 0.00226262376149 11169.0788991 31262.6257695 -3.88247412161e-08 -3.60480074933e-08 -7.47292028179e-08 176.673658506 80.7425412054 100.0
4.42054554116 0.938281485653 0.767963969155 233.710992243 0.0148158763983 0.00228562203163 11053.1048387 31365.227385 -3.99520737391e-08 -3.68465176138e-08 -7.6651997626e-08 175.881680094 79.8312975125 100.0
4.37668455523 0.938257244743 0.769478118928 232.820978526 0.014883122775 0.00230881362028 10938.5994753 31467.5401336 -4.11121511513e-08 -3.76634754122e-08 -7.86259225117e-08 175.084314542 78.9280478021 100.0
4.33328406731 0.938238633442 0.770979689906 231.935331103 0.0149505701704 0.00233214257403 10825.8180268 31569.3011203 -4.23030285332e-08 -3.8497311331e-08 -8.06474696012e-08 174.283434032 78.0348579377 100.0
4.29034076298 0.938225717109 0.772468564303 231.053972411 0.0150182144627 0.00235560660292 10714.7419312 31670.4883627 -4.35253774123e-08 -3.9348311172e-08 -8.27175957682e-08 173.479058841 77.1516454407 100.0
4.24785132947 0.938218560525 0.77394462583 230.176825466 0.0150860514278 0.0023792033212 10605.3528198 31771.0796251 -4.47798770578e-08 -4.02167629633e-08 -8.48372678799e-08 172.671210123 76.278327982 100.0
4.20571599912 0.938217231564 0.775411119855 229.301804748 0.0151542338741 0.00240298512821 10497.3859443 31871.282306 -4.60702223571e-08 -4.11050218735e-08 -8.70125278254e-08 171.858034443 75.4128427396 100.0
4.16403041837 0.938221817301 0.776864497238 228.430871426 0.0152226003499 0.00242689489121 10391.0786004 31970.8397212 -4.73942414495e-08 -4.20113893606e-08 -8.92395123595e-08 171.041423118 74.557142139 100.0
4.12279124156 0.938232380824 0.778304646168 227.563949659 0.0152911462899 0.00245092991059 10286.4128204 32069.7287642 -4.87526391413e-08 -4.29361610757e-08 -9.15192215943e-08 170.221400219 73.7111434134 100.0
4.08190238348 0.938249029419 0.779734702412 226.698996191 0.0153600242963 0.0024751427419 10183.1371581 32168.1497289 -5.01493527387e-08 -4.38818126493e-08 -9.38580600435e-08 169.396104809 72.8728632244 100.0
4.04145567258 0.938271807583 0.781151235157 225.837931058 0.0154290723698 0.00249947541639 10081.4760824 32265.8510521 -5.15820245956e-08 -4.48465426113e-08 -9.62518761902e-08 168.567442082 72.044172 100.0
4.00135740833 0.938300849219 0.782557306713 224.978737976 0.0154984429051 0.00252398054428 9981.18669173 32363.0280319 -5.30547603282e-08 -4.58329096112e-08 -9.87073257165e-08 167.733546609 71.2231377412 100.0
3.96169692592 0.938336169853 0.78394956589 224.123310592 0.0155679735765 0.00254859962062 9882.48514656 32459.4327212 -5.45650713183e-08 -4.68390407876e-08 -1.01220055049e-07 166.89633264 70.411577437 100.0
3.92247082314 0.938377829049 0.785327909272 223.271575225 0.0156376592244 0.00257332939182 9785.35413686 32555.0405914 -5.61136999896e-08 -4.78652427531e-08 -1.03791113064e-07 166.05582947 69.6094075566 100.0
3.8835889093 0.938426000831 0.786695288807 222.421554981 0.015707651857 0.00259822249502 9689.56327625 32650.0391947 -5.77050099828e-08 -4.89142010094e-08 -1.06427540094e-07 165.210165511 68.8147715363 100.0
3.84513689333 0.93848065616 0.788048474064 221.575106081 0.0157777887572 0.00262321968065 9595.31677934 32744.1864639 -5.93363007061e-08 -4.99839296469e-08 -1.09124658028e-07 164.361268035 68.029408877 100.0
3.80702685581 0.938541996063 0.789390343178 220.730276771 0.0158482216013 0.00264837355022 9502.39229916 32837.6645275 -6.10121139939e-08 -5.10772012811e-08 -1.11889772372e-07 163.50726191 67.2515117015 100.0
3.76925877383 0.938610119862 0.790720683746 219.887031303 0.015918944587 0.00267368066553 9410.78464509 32930.4403667 -6.27334678452e-08 -5.21944557994e-08 -1.14724340699e-07 162.648172382 66.4810689732 100.0
3.73191480622 0.938684953019 0.792036387242 219.04719 0.0159897946715 0.00269908107113 9320.686431 33022.2781313 -6.44974368042e-08 -5.33335894494e-08 -1.17623342695e-07 161.78593942 65.7197444936 100.0
3.69491034444 0.938766737417 0.79334022072 218.208837292 0.0160609229158 0.00272462723007 9231.88695149 33113.3514112 -6.63088390798e-08 -5.44975093448e-08 -1.20594494563e-07 160.918683465 64.965801169 100.0
3.65832525154 0.938855367451 0.794629157807 217.373770923 0.0161321661324 0.00275025876369 9144.57140207 33203.4288303 -6.81645877151e-08 -5.56840288346e-08 -1.2363253194e-07 160.048352533 64.2208540006 100.0
3.62207708484 0.938951112273 0.795905891526 216.540098846 0.0162036749183 0.00277602800235 9058.5366638 33292.6781199 -7.00696878843e-08 -5.68961459808e-08 -1.26745448847e-07 159.173064555 63.4832121193 100.0
3.58616558674 0.939054066933 0.797170219106 215.707785256 0.0162754426261 0.00280193075397 8973.77744406 33381.0642059 -7.20251987068e-08 -5.81343143771e-08 -1.29934758004e-07 158.29285228 62.7528595767 100.0
3.55059044292 0.939164325537 0.798421939826 214.87679425 0.0163474624207 0.00282796266087 8890.2883932 33468.5515608 -7.40321872527e-08 -5.93989904188e-08 -1.33201982961e-07 157.407750137 62.0297792165 100.0
3.51542703239 0.939281719019 0.799658193197 214.04888054 0.0164195709392 0.00285406257362 8808.2403429 33554.9183049 -7.60872220521e-08 -6.06878139226e-08 -1.36541342042e-07 156.519721622 61.3154909621 100.0
3.4805970893 0.939406571421 0.800881523962 213.222196823 0.0164919176449 0.00288028240596 8727.44470276 33640.3197833 -7.81956952161e-08 -6.20039706323e-08 -1.39961403754e-07 155.626881282 60.608392783 100.0
3.44610016453 0.939538973394 0.80209173836 212.39670769 0.0165644951779 0.00290661732819 8647.89611334 33724.7193203 -8.03586880693e-08 -6.33479220125e-08 -1.43463711221e-07 154.729268427 59.9084647323 100.0
3.41193575565 0.939679014372 0.803288645051 211.57237782 0.0166372959884 0.00293306234172 8569.5891812 33808.0798234 -8.25772863405e-08 -6.47201312487e-08 -1.4704981379e-07 153.82692414 59.2156857394 100.0
3.37810330776 0.939826782492 0.804472055214 210.749172032 0.0167103123359 0.00295961227845 8492.51848496 33890.3637933 -8.48525791339e-08 -6.61210629402e-08 -1.50721265695e-07 152.919891302 58.5300336313 100.0
3.3446022144 0.939982364522 0.805641782648 209.927055338 0.0167835362893 0.00298626180038 8416.67858152 33971.5333351 -8.71856578441e-08 -6.75511827766e-08 -1.54479624658e-07 152.008214616 57.8514851546 100.0
3.31143181836 0.940145845782 0.806797643877 209.105992989 0.0168569597264 0.00301300539934 8342.0640121 34051.5501702 -8.9577615011e-08 -6.90109571998e-08 -1.58326450407e-07 151.091940631 57.180015997 100.0
3.27859141259 0.940317310065 0.807939458249 208.285950533 0.016930574334 0.00303983739704 8268.66930834 34130.375649 -9.20295431164e-08 -7.050085305e-08 -1.62263303126e-07 150.171117763 56.5156008089 100.0
3.24608024105 0.940496839559 0.80906704804 207.466893862 0.0170043716081 0.00306675194525 8196.4889984 34207.9707646 -9.45425333193e-08 -7.20213371971e-08 -1.66291741826e-07 149.245796321 55.8582132252 100.0
3.2138974996 0.940684514768 0.810180238557 206.648789272 0.0170783428543 0.00309374302629 8125.51761299 34284.2961662 -9.71176741311e-08 -7.35728761556e-08 -1.70413322645e-07 148.316028524 55.2078258873 100.0
3.18204233683 0.940880414427 0.811278858245 205.83160351 0.0171524791882 0.00312080445364 8055.74969145 34359.312175 -9.97560500297e-08 -7.51559356834e-08 -1.74629597059e-07 147.381868527 54.5644104643 100.0
3.15051385502 0.941084615425 0.81236273879 205.01530383 0.0172267715363 0.00314792987297 7987.17978773 34432.9787994 -1.02458740012e-07 -7.67709803661e-08 -1.78942110032e-07 146.443372436 53.9279376751 100.0
3.11931111091 0.941297192719 0.813431715222 204.199858051 0.0173012106368 0.00317511276324 7919.80247645 34505.2557515 -1.05226816084e-07 -7.84184731836e-08 -1.83352398074e-07 145.50059833 53.2983773101 100.0
3.0883701751 0.941518680899 0.814487770092 203.383566127 0.0173759399952 0.00320240229215 7853.47793916 34576.2461457 -1.08067219069e-07 -8.01023525962e-08 -1.87871331146e-07 144.55166144 52.6744293196 100.0
3.05775479239 0.941748720346 0.815528521334 202.56808245 0.0174507962743 0.00322973546483 7788.34114564 34645.7582055 -1.1097535476e-07 -8.18197083279e-08 -1.9249141746e-07 143.598567721 52.0573689217 100.0
3.02746385929 0.941987379754 0.816553814699 201.753376467 0.017525769604 0.00325710523026 7724.38666374 34713.7506997 -1.13952268041e-07 -8.3570997231e-08 -1.9721416076e-07 142.641381683 51.4471625799 100.0
2.99743601645 0.942235234054 0.817565523597 200.937774804 0.0176010017093 0.00328455975394 7661.48347281 34780.3147722 -1.17005216298e-07 -8.53603151278e-08 -2.0205090525e-07 141.67822402 50.8425638404 100.0
2.96773207177 0.942491870037 0.818561397565 200.122908251 0.0176763297237 0.00331203591882 7599.75759613 34845.2685663 -1.20129225814e-07 -8.71845806197e-08 -2.06993609244e-07 140.711109089 50.2447866133 100.0
2.93829233 0.942757889121 0.81954323787 199.307120826 0.0177518940862 0.00333958115045 7539.08372246 34908.6950096 -1.23331762585e-07 -8.90479947307e-08 -2.12053931037e-07 139.738162176 49.6526190415 100.0
2.90917568177 0.943032841757 0.820508882523 198.492028412 0.0178275323225 0.00336713231539 7479.58207931 34970.4191998 -1.26607584632e-07 -9.09473569827e-08 -2.17223442116e-07 138.761402805 49.0672351187 100.0
2.88032406461 0.943317355458 0.821460061223 197.675992252 0.01790338352 0.00339473605348 7421.13297416 35030.5157139 -1.2996436244e-07 -9.28869731041e-08 -2.22514110299e-07 137.778961525 48.4874568667 100.0
2.8517944911 0.943610943845 0.822394701029 196.860614052 0.0179792856776 0.00342232928272 7363.85099476 35088.8169353 -1.33396572112e-07 -9.48635189924e-08 -2.2791710205e-07 136.79286253 47.914419281 100.0
2.82353050025 0.943914260075 0.823314460711 196.044272144 0.018055376467 0.00344995781322 7307.62198029 35145.3889673 -1.36912083436e-07 -9.68814042829e-08 -2.33444688788e-07 135.801242317 47.3469775483 100.0
2.7955331081 0.944227398709 0.824219100366 195.22696528 0.0181316428418 0.00347761245687 7252.44882061 35200.1765381 -1.4051215685e-07 -9.89412212674e-08 -2.39098726818e-07 134.804186077 46.7851420167 100.0
2.76780324375 0.94455045112 0.825108385145 194.408692942 0.0182080714797 0.00350528380525 7198.33433768 35253.1240208 -1.44198026689e-07 -1.01043556209e-07 -2.44881040587e-07 133.801782123 46.228921172 100.0
2.74039425277 0.94488285583 0.825980421954 193.59103031 0.0182845015289 0.00353290905651 7145.38220441 35304.0792386 -1.47963565392e-07 -1.031848249e-07 -2.50781933877e-07 132.79606285 45.6793741054 100.0
2.71325276146 0.945225315704 0.826836729964 192.772389362 0.0183610675804 0.00356053219086 7093.48900844 35353.0908461 -1.51817023892e-07 -1.05369642428e-07 -2.56814265688e-07 131.785179249 45.135419685 100.0
2.68637946856 0.945577911754 0.827677090545 191.952772544 0.0184377555647 0.0035881432136 7042.65750624 35400.1025336 -1.55759537633e-07 -1.07598570554e-07 -2.62979737928e-07 130.769228636 44.5970615308 100.0
2.65977499009 0.945940721234 0.828501290876 191.132183383 0.0185145511516 0.00361573193054 6992.89042812 35445.0577784 -1.59792203617e-07 -1.09872161491e-07 -2.69280004822e-07 129.748311537 44.0643015098 100.0
2.63343986048 0.946313817496 0.829309124132 190.310626578 0.0185914397543 0.00364328795435 6944.19048932 35487.8998842 -1.6391607703e-07 -1.1219095694e-07 -2.7571666859e-07 128.722531708 43.537139764 100.0
2.60732602114 0.946697996977 0.83010185441 189.486568347 0.0186685505959 0.0036708521379 6896.47229461 35528.6460472 -1.68140142698e-07 -1.14559954073e-07 -2.82303705638e-07 127.690063738 43.0146041878 100.0
2.58148390783 0.947092628418 0.830877743598 188.661569421 0.018745723129 0.0036983615068 6849.83165367 35567.1560996 -1.72457646483e-07 -1.16975326876e-07 -2.89030553202e-07 126.652954805 42.4976937783 100.0
2.55591379226 0.947497772353 0.831636604337 187.835638391 0.0188229419681 0.00372580509071 6804.27123662 35603.3729179 -1.76869497677e-07 -1.19437580156e-07 -2.9589863177e-07 125.611319015 41.9864031147 100.0
2.53056965886 0.947914258001 0.832379602221 187.007266015 0.0189003333847 0.00375322193973 6759.71305929 35637.2993844 -1.81384914526e-07 -1.2195185685e-07 -3.02922298247e-07 124.563348678 41.4798016294 100.0
2.50549933891 0.94834139387 0.833105138964 186.177996835 0.0189777381124 0.00378054969333 6716.24541484 35668.8088718 -1.85996584751e-07 -1.24514103004e-07 -3.10090204759e-07 123.511095236 40.9788348554 100.0
2.48065813851 0.948780029789 0.833814316141 185.346338188 0.0190552803596 0.00380782614724 6673.79520255 35697.8946333 -1.90713862809e-07 -1.2712955425e-07 -3.17416938114e-07 122.452764063 40.4825990071 100.0
2.45609218858 0.949229433431 0.834505629563 184.513824557 0.0191328018356 0.00383498946445 6632.44585502 35724.4395648 -1.95529042323e-07 -1.29793997415e-07 -3.24890597775e-07 121.390408742 39.992004826 100.0
2.4317580913 0.9496904742 0.835180118146 183.678980124 0.0192104246304 0.00386207616328 6592.12913463 35748.4272939 -2.00451596264e-07 -1.32512756396e-07 -3.3252597843e-07 120.32224856 39.5061747352 100.0
2.4076577888 0.950163227108 0.835837522715 182.841843605 0.0192881293877 0.0038890728211 6552.85504157 35769.7861991 -2.0548242286e-07 -1.35286419547e-07 -3.40324575913e-07 119.248429603 39.025136853 100.0
2.38379310742 0.950647761031 0.836477593024 182.002455689 0.0193658964369 0.00391596582154 6514.63358074 35788.4446836 -2.10622336411e-07 -1.38115553523e-07 -3.4828778094e-07 118.16910253 38.5489168267 100.0
2.36016575878 0.951144138477 0.83710008806 181.16085916 0.0194437058035 0.00394274136856 6477.47477935 35804.3312472 -2.15872061947e-07 -1.41000701652e-07 -3.56416872148e-07 117.084422587 38.0775378632 100.0
2.33677734088 0.951652415353 0.837704776348 180.31709903 0.0195215372207 0.00396938550135 6441.3887049 35817.3745614 -2.21232229839e-07 -1.43942382278e-07 -3.64713009067e-07 115.994549606 37.6110207603 100.0
2.31362933928 0.952172640741 0.838291436253 179.471222657 0.0195993701416 0.00399588411023 6406.38548363 35827.5035464 -2.26703370388e-07 -1.46941087077e-07 -3.73177225029e-07 114.899648014 37.1493839389 100.0
2.29068411368 0.952705778297 0.838860813832 178.62182618 0.0196773169654 0.0040222679087 6372.41819777 35834.6570832 -2.3229556322e-07 -1.50002562081e-07 -3.81825348211e-07 113.79799961 36.6918655994 100.0
2.26798330376 0.953250969579 0.839411674311 177.770428742 0.0197552214239 0.0040484763558 6339.55882153 35838.7445469 -2.37999716652e-07 -1.53122083698e-07 -3.90643585713e-07 112.691675241 36.2392847168 100.0
2.24549038415 0.953809191337 0.839944709432 176.915644868 0.0198331933426 0.0040745386583 6307.76515795 35839.6948716 -2.43825926951e-07 -1.56305461356e-07 -3.99647847473e-07 111.578976853 35.7909016128 100.0
2.22324537346 0.954379540496 0.840458783592 176.058986277 0.0199110778437 0.00410039523646 6277.10480818 35837.4288994 -2.49764605503e-07 -1.59547778527e-07 -4.08823651475e-07 110.461975777 35.3475024145 100.0
2.20121283859 0.954963005276 0.840954536311 175.199086477 0.0199889821484 0.00412607380484 6247.54034138 35831.8657999 -2.55825835197e-07 -1.62854899407e-07 -4.18186950885e-07 109.338995032 34.9083690718 100.0
2.17939553272 0.955559628792 0.841431700636 174.336029359 0.0200668809328 0.00415155760872 6219.08929003 35822.9209566 -2.62009774887e-07 -1.6622730303e-07 -4.27738399521e-07 108.210245797 34.4735445976 100.0
2.15779606363 0.956169444622 0.841890022961 173.469902199 0.0201447485643 0.00417682978779 6191.76933698 35810.510376 -2.68316432119e-07 -1.69665426743e-07 -4.37478458934e-07 107.075945212 34.0430689197 100.0
2.13641689487 0.956792476496 0.84232926344 172.6007958 0.0202225591231 0.00420187340221 6165.59834362 35794.5508072 -2.74745656204e-07 -1.7316966381e-07 -4.47407389085e-07 105.936316361 33.6169789146 100.0
2.11526034684 0.957428737992 0.842749196396 171.728804646 0.0203002864241 0.0042266714599 6140.59437903 35774.9598642 -2.81297131435e-07 -1.76740360993e-07 -4.5752523916e-07 104.79158823 33.195308442 100.0
2.09429547422 0.95807927618 0.843150232153 170.852633025 0.0203780274357 0.00425124576452 6116.73880709 35751.6160732 -2.87981084827e-07 -1.80383656951e-07 -4.67848387377e-07 103.640162817 32.7774281134 100.0
2.07355868188 0.958743064782 0.843531480731 169.973790902 0.0204556296985 0.00427553896257 6094.0915638 35724.467762 -2.94786348778e-07 -1.84094077156e-07 -4.78360218455e-07 102.484128339 32.3640507586 100.0
2.05301996223 0.959421153471 0.84389331142 169.091004574 0.0205331872554 0.00429957131501 6072.63898816 35693.3842019 -3.01722987958e-07 -1.87877772437e-07 -4.89076962937e-07 101.321914184 31.9545651824 100.0
2.0326828828 0.960113548102 0.844235453059 168.204405779 0.0206106692617 0.00432332349603 6052.40689433 35658.2702252 -3.08790251745e-07 -1.91735052882e-07 -4.99998202985e-07 100.153797025 31.5490291683 100.0
2.0125508354 0.960820241409 0.844557652452 167.31413106 0.020688044599 0.00434677619608 6033.42145739 35619.0320123 -3.159871718e-07 -1.95666165075e-07 -5.11123240429e-07 98.9800608264 31.1474967845 100.0
1.99259696364 0.961542317487 0.84486011776 166.418963008 0.0207653989906 0.00436994501311 6015.68336002 35575.5080737 -3.23323767284e-07 -1.99677422826e-07 -5.22468428946e-07 97.7992037069 30.7494183731 100.0
1.97285556758 0.962278659685 0.845142120754 165.520421725 0.0208425811176 0.00439277426008 5999.2499476 35527.6651478 -3.30787576962e-07 -2.0376291498e-07 -5.3401542646e-07 96.613334711 30.3554639668 100.0
1.95330060399 0.963030345737 0.845403839701 164.617315158 0.0209196735596 0.00441527803555 5984.12728211 35475.3333513 -3.38388309336e-07 -2.07928921459e-07 -5.45780245157e-07 95.4209850067 29.9650993523 100.0
1.93393649278 0.963797343872 0.845644996896 163.709823396 0.0209966402286 0.00443743486166 5970.35009871 35418.4080051 -3.46124280992e-07 -2.12175563355e-07 -5.57761351841e-07 94.2224961042 29.5783977189 100.0
1.91476744646 0.964579605522 0.845865337326 162.798132744 0.0210734448081 0.00445922340971 5957.95375982 35356.7865609 -3.53993528556e-07 -2.16502875851e-07 -5.69956848465e-07 93.0182181316 29.1954278828 100.0
1.89579747084 0.965377064872 0.846064629319 161.882435876 0.0211500508005 0.00448062255184 5946.97431652 35290.3688308 -3.61993801278e-07 -2.20910804438e-07 -5.82364460903e-07 91.8085096885 28.8162543194 100.0
1.87700375977 0.966190807504 0.846242903679 160.961618598 0.0212265302581 0.00450164103094 5937.43604944 35218.9520266 -3.70134232355e-07 -2.25405656797e-07 -5.94999662395e-07 90.5920025752 28.4404049624 100.0
1.85841762872 0.967019581913 0.846399673175 160.037216204 0.0213027348211 0.00452222683201 5929.39362147 35142.534434 -3.78400418879e-07 -2.29980831022e-07 -6.07841482467e-07 89.3708285104 28.068489607 100.0
1.84001695375 0.967864454839 0.846534954386 159.108144572 0.0213787333733 0.00454238749405 5922.87758757 35060.9069745 -3.86800986215e-07 -2.34642529964e-07 -6.20904785217e-07 88.1436582549 27.7000488134 100.0
1.82178159183 0.96872650951 0.846648661809 158.173359891 0.0214545887001 0.00456212722791 5917.92861399 34973.8395086 -3.95344442573e-07 -2.39397037271e-07 -6.34204402637e-07 86.9092162084 27.3346612319 100.0
1.80374214291 0.9696044311 0.846740393118 157.234420787 0.0215301521297 0.00458139510619 5914.60451325 34881.3401831 -4.04015349441e-07 -2.44237410221e-07 -6.47717990958e-07 85.6696631632 26.9729216672 100.0
1.7858790479 0.970499274609 0.846810060146 156.29031711 0.0216054832238 0.00460019432395 5912.95299405 34783.1740514 -4.12821568272e-07 -2.49169775532e-07 -6.61459582323e-07 84.4237672578 26.6144192625 100.0
1.76817463113 0.971412103141 0.846857482517 155.340082456 0.0216806352211 0.00461852477266 5913.03247837 34679.0858721 -4.21770716404e-07 -2.54200298151e-07 -6.75443007679e-07 83.1703558447 26.2587790715 100.0
1.75065867959 0.972341527016 0.846882357518 154.385302935 0.0217554593456 0.00463633706786 5914.90513615 34569.0963726 -4.30846160486e-07 -2.59321624381e-07 -6.89644320646e-07 81.9116226717 25.9065788815 100.0
1.73331400442 0.973288570593 0.846884515136 153.425049773 0.0218300056563 0.00465363038024 5918.6374868 34452.9475263 -4.40054725348e-07 -2.64539701635e-07 -7.04076346154e-07 80.6464434654 25.5574521582 100.0
1.71614698504 0.974253015822 0.846863745375 152.459676233 0.0219042232923 0.00467037966964 5924.29910324 34330.5223649 -4.49390868402e-07 -2.69853627337e-07 -7.18732688211e-07 79.3753835504 25.2115053383 100.0
1.69914242544 0.975235861904 0.846819807943 151.488321558 0.0219781543128 0.00468658071233 5931.97264455 34201.5433881 -4.58860581694e-07 -2.75269201684e-07 -7.33625198815e-07 78.0974092827 24.8684090793 100.0
1.68230760914 0.976236846789 0.846752488471 150.511390378 0.0220517431686 0.0047022071713 5941.73962228 34065.8873693 -4.68457392544e-07 -2.80785270837e-07 -7.48746305702e-07 76.8131523856 24.5282860225 100.0
1.66564948196 0.977255674682 0.846661617296 149.529299343 0.0221249345869 0.00471723368141 5953.68425265 33923.4378847 -4.78174332247e-07 -2.86400488218e-07 -7.64087748662e-07 75.5232574799 24.1912517961 100.0
1.64915487929 0.978293276825 0.846546917819 148.541283293 0.022197761193 0.00473165295097 5967.91222249 33773.9013359 -4.8801586975e-07 -2.92120263113e-07 -7.79659474906e-07 74.2268157955 23.8570140687 100.0
1.63281225463 0.979350564492 0.84640805446 147.546632182 0.0222702489946 0.00474545483307 5984.54284706 33616.9679533 -4.97985843838e-07 -2.97949890579e-07 -7.95470692749e-07 72.9229933468 23.5253105736 100.0
1.61663042464 0.980427154789 0.846244844535 146.545865483 0.0223423334114 0.00475861144861 6003.68594017 33452.5091483 -5.0807553407e-07 -3.03887523314e-07 -8.1151089876e-07 71.612567942 23.196290502 100.0
1.60061780002 0.981522622317 0.846057161446 145.539517419 0.0224139504453 0.00477109632675 6025.45556802 33280.4057806 -5.18275646082e-07 -3.09931067054e-07 -8.27768769062e-07 70.296332287 22.8700946488 100.0
1.58476454253 0.982637771133 0.845844681359 144.526988042 0.0224851170731 0.00478289748818 6049.99976389 33100.3405736 -5.28588051153e-07 -3.16085198846e-07 -8.44250935403e-07 68.9735933337 22.5464908598 100.0
1.56906228428 0.983773366876 0.845607043515 143.507739663 0.0225558437307 0.00479400059375 6077.4829149 32911.9837739 -5.39013777162e-07 -3.22354376713e-07 -8.60962972579e-07 67.6437412475 22.2252738453 100.0
1.55352097879 0.984928855724 0.845344159532 142.482423862 0.0226260578476 0.0048043781705 6108.05165927 32715.2142662 -5.49541365791e-07 -3.28735762799e-07 -8.77890657442e-07 66.3077166966 21.9066110502 100.0
1.53813365884 0.986104906106 0.845055686196 141.450597676 0.0226957625302 0.00481401468296 6141.89740962 32509.6984538 -5.6017021093e-07 -3.35233253463e-07 -8.95037375637e-07 64.9650305557 21.5903216989 100.0
1.52289469958 0.987302130996 0.844741263867 140.411886741 0.0227649545402 0.0048228927743 6179.23104888 32295.094163 -5.70898693648e-07 -3.41850427963e-07 -9.12405188021e-07 63.6152838847 21.2762491379 100.0
1.50781529755 0.988519809024 0.844400891204 139.36707312 0.0228335536583 0.0048309855284 6220.23993557 32071.2889337 -5.81712870783e-07 -3.4858347387e-07 -9.29976418645e-07 62.2595778588 20.9645811974 100.0
1.49287592628 0.989759696249 0.844033876303 138.31481538 0.0229016188406 0.00483828257301 6265.21631023 31837.7029007 -5.92620387219e-07 -3.55442260391e-07 -9.47768714563e-07 60.8962561656 20.6548679856 100.0
1.47808932342 0.991020930709 0.843640266598 137.25601757 0.0229690616559 0.00484475649969 6314.38748037 31594.2259677 -6.03605239184e-07 -3.6242216138e-07 -9.65761531416e-07 59.5265732664 20.3473237288 100.0
1.4634533969 0.992303842446 0.843219779578 136.190562569 0.0230358605681 0.00485038802069 6368.04776755 31340.5154448 -6.14661580443e-07 -3.69525121614e-07 -9.83951081467e-07 58.150455952 20.04185294 100.0
1.44895338679 0.993609929564 0.842771716938 135.117385726 0.0231020513296 0.00485516146832 6426.57773412 31075.9717872 -6.25792967815e-07 -3.76759537039e-07 -1.00234946679e-06 56.7666084267 19.7380901825 100.0
1.43460396808 0.994938067918 0.842296263501 134.03759027 0.0231675347182 0.00485905087584 6490.27945262 30800.5040321 -6.36980016775e-07 -3.84119259077e-07 -1.02093124514e-06 55.3765296972 19.4362815127 100.0
1.42039324825 0.996289539085 0.841792771329 132.950310949 0.023232332136 0.00486203879909 6559.60545129 30513.5124072 -6.48223284475e-07 -3.91611441601e-07 -1.03970428496e-06 53.9791786412 19.136111285 100.0
1.40632443209 0.997664244788 0.841261076538 131.855814102 0.0232963954342 0.00486410339364 6634.99113442 30214.6593069 -6.59511112713e-07 -3.9923556808e-07 -1.05865653952e-06 52.5749692133 18.8375755743 100.0
1.39238948802 0.999063189053 0.840700586067 130.753494315 0.0233597269267 0.00486522446712 6716.98755584 29903.3433716 -6.70840318413e-07 -4.06997208407e-07 -1.0777905627e-06 51.1631943123 18.5404259418 100.0
1.3785944632 1.00048598529 0.840111251882 129.64385339 0.0234222641756 0.00486538027154 6806.1303702 29579.2429155 -6.82195788871e-07 -4.14894189749e-07 -1.09708920114e-06 49.7445632769 18.2447066643 100.0
1.36493483285 1.00193330773 0.839492600522 128.526561919 0.0234839920827 0.00486455008748 6903.09050813 29241.772081 -6.93570409347e-07 -4.22930193884e-07 -1.11654919383e-06 48.3187175719 17.9502291473 100.0
1.35141913702 1.00340443354 0.838844761296 127.402370051 0.0235448359104 0.00486271453464 7008.52747855 28890.6427706 -7.04945547937e-07 -4.31101111948e-07 -1.13614793072e-06 46.8866719806 17.6570787362 100.0
1.33803553827 1.00490083907 0.83816690331 126.270346957 0.0236048120851 0.00485985219805 7123.35394802 28525.0118285 -7.16319049485e-07 -4.39415013806e-07 -1.15589154235e-06 45.4472950291 17.3648902631 100.0
1.32478583945 1.00642254667 0.837458820611 125.130686957 0.0236638747172 0.00485594297919 7248.50060354 28144.3387094 -7.27676727951e-07 -4.47871858698e-07 -1.17576597558e-06 44.0008866349 17.0735822506 100.0
1.3116640515 1.00797048012 0.836719883856 123.982916647 0.0237220118292 0.00485096458609 7385.11287087 27747.8127869 -7.39010416363e-07 -4.56476576725e-07 -1.19576821168e-06 42.5468956432 16.7828891791 100.0
1.29867672359 1.00954409223 0.835950161282 122.827661222 0.0237791550585 0.00484489958542 7534.3733241 27334.9503209 -7.50300447727e-07 -4.65225880259e-07 -1.21587546284e-06 41.0861588338 16.4928087136 100.0
1.2858142123 1.01114478419 0.835148772847 121.664117749 0.0238353066217 0.00483772370273 7697.84469019 26904.7049027 -7.61540492928e-07 -4.74127270385e-07 -1.2360891603e-06 39.6177018431 16.2029612379 100.0
1.27307981907 1.0127724012 0.834315592944 120.492635177 0.0238904108421 0.0048294187498 7877.18504529 26456.3735946 -7.72712254631e-07 -4.83179551114e-07 -1.25639001348e-06 38.1420028334 15.9132365488 100.0
1.26047142934 1.01442745615 0.833450162996 119.313081835 0.023944434914 0.0048199641096 8074.41076879 25989.0049219 -7.83801400888e-07 -4.92385190432e-07 -1.27676640114e-06 36.658927999 15.6233806088 100.0
1.24799090104 1.01610994047 0.832552295653 118.125704193 0.0239973281835 0.00480934260859 8291.83211074 25501.7144683 -7.94789339462e-07 -5.01743704899e-07 -1.29719947515e-06 35.1688137338 15.3332048612 100.0
1.2356290502 1.01782135865 0.831620984756 116.929694134 0.0240490855949 0.00479752747266 8532.40597417 24993.0800161 -8.0566640616e-07 -5.11262972931e-07 -1.31768776843e-06 33.6706689968 15.0422315328 100.0
1.22339002016 1.01956142316 0.830656176788 115.7255166 0.0240996446374 0.00478450366923 8799.41204095 24462.0889236 -8.16410377782e-07 -5.20940848132e-07 -1.33820715008e-06 32.1650948849 14.7502557947 100.0
1.21127578349 1.02133009726 0.829657699376 114.51345574 0.0241489517194 0.00477025611548 9096.83573574 23907.5433564 -8.27000129139e-07 -5.30776519709e-07 -1.35873594423e-06 30.6524569091 14.4569822843 100.0
1.19928125571 1.02312837558 0.828624795522 113.293096663 0.0241969810518 0.00475476202944 9429.71902889 23327.7748724 -8.37419859615e-07 -5.4077484966e-07 -1.37926354551e-06 29.1322419011 14.1618921931 100.0
1.18740328585 1.02495702255 0.827556816343 112.064203367 0.0242436971505 0.00473800003883 9804.24109273 22720.9945619 -8.4765113249e-07 -5.50939351509e-07 -1.39977536896e-06 27.6041563443 13.8644440261 100.0
1.17564179336 1.02681635422 0.826453363589 110.826855478 0.0242890510154 0.00471995309439 10228.0069057 22085.3431072 -8.57671912722e-07 -5.61270974988e-07 -1.42025065575e-06 26.0682935885 13.5640909281 100.0
1.16400077095 1.02870600992 0.825314449559 109.581583469 0.0243329775462 0.00470061214166 10710.4251246 21418.9515237 -8.67455857176e-07 -5.71766838488e-07 -1.44066047459e-06 24.52529747 13.2602952004 100.0
1.15247450754 1.0306271885 0.824139149171 108.327894964 0.0243754475561 0.00467995329173 11263.9660952 20719.0982945 -8.76983902653e-07 -5.82432647801e-07 -1.46099188272e-06 22.9745359544 12.952143518 100.0
1.14106243196 1.03258028816 0.822927005223 107.065842512 0.0244164107423 0.00465796105449 11904.6302457 19982.9466438 -8.86231625142e-07 -5.9326957793e-07 -1.48122201058e-06 21.4160459906 12.6386922755 100.0
1.12976271898 1.03456593129 0.821677414858 105.795345556 0.0244558200052 0.00463461815626 12653.7186076 19207.0877964 -8.95174616681e-07 -6.04279962009e-07 -1.50132919776e-06 19.8496922489 12.3187533926 100.0
1.11857340405 1.03658479023 0.820389731863 104.516307477 0.0244936270328 0.00460990724193 13540.1359149 18387.4618913 -9.0378749036e-07 -6.15466317782e-07 -1.52129101444e-06 18.2753120383 11.9908529772 100.0
1.10749490179 1.03863711919 0.819063569244 103.228909419 0.0245297740514 0.00458381690908 14603.8487719 17519.3656795 -9.12041978826e-07 -6.26828751035e-07 -1.54107972511e-06 16.693075887 11.6532080543 100.0
1.09652729233 1.04072321904 0.817698510427 101.93331018 0.0245642035686 0.0045563365294 15902.0708951 16597.0107663 -9.19909143582e-07 -6.38367531116e-07 -1.56066710868e-06 15.1031165681 11.3035051662 100.0
1.08566945493 1.04284361579 0.816293988044 100.629538707 0.0245968607579 0.00452745372418 17519.840716 15613.0390859 -9.27359932922e-07 -6.50084072002e-07 -1.58002601538e-06 13.5053973591 10.938641216 100.0
1.0749190856 1.0449990875 0.81484925664 99.3174849462 0.0246276925898 0.00449715355097 19589.2893564 14557.8679807 -9.34364979966e-07 -6.61981069947e-07 -1.59913030968e-06 11.8997015964 10.5543424474 100.0
1.06427475418 1.04719026768 0.81336365336 97.9971455063 0.0246566414383 0.0044654238859 22326.8793087 13418.8582872 -9.40893133869e-07 -6.74060304744e-07 -1.61795116901e-06 10.2859333746 10.1445922098 100.0
1.05373708165 1.04941737092 0.811836792759 96.6687821899 0.0246836427018 0.00443225997199 26112.9251411 12178.7472638 -9.46910950388e-07 -6.86321129356e-07 -1.63645503429e-06 8.66430960245 9.70052129591 100.0
1.04330319179 1.05168135507 0.810267772553 95.3322268485 0.0247086392786 0.00439764734292 31686.4081518 10811.7403366 -9.52385940954e-07 -6.98766865402e-07 -1.65461337176e-06 7.03451051579 9.2078289672 100.0
1.03297299909 1.05398260227 0.808656074545 93.9876708568 0.0247315651203 0.00436158138152 40691.2320547 9277.3179372 -9.57282904783e-07 -7.11397533214e-07 -1.67239160452e-06 5.39664320511 8.64166772731 100.0
1.02274522446 1.05632176147 0.807000986365 92.6351632363 0.0247523553726 0.00432405484162 57681.7262609 7502.45746336 -9.61566201086e-07 -7.24214483465e-07 -1.6897561031e-06 3.75062835397 7.95162781383 100.0
1.01261850962 1.05869951895 0.805301756388 91.2747495554 0.0247709432695 0.00428506124875 101669.827097 5323.71454406 -9.65199059581e-07 -7.372191251e-07 -1.70667220322e-06 2.09636933609 7.00472546474 100.0
1.00259230422 1.06111638495 0.80355774698 89.9065934535 0.0247872586074 0.00424459854741 483936.941415 2081.42275441 -9.68143318427e-07 -7.50411752932e-07 -1.72310274717e-06 0.433899216505 5.0586864612 100.0
