1.0 10.0 0.413942224725 0.902940250455
1.0 15.8489319246 0.434950644757 0.903259767544
1.0 25.1188643151 0.459659763408 0.903690917884
1.0 39.8107170553 0.493045604341 0.90439684209
1.0 63.095734448 0.5431216471 0.905824152713
1.0 100.0 0.618209214812 0.909208631535
1.0 158.489319246 0.711168088978 0.916369233768
1.0 251.188643151 0.804856909249 0.927682966198
1.0 398.107170553 0.888895098101 0.941070658994
1.0 630.95734448 0.960205051182 0.953521925754
1.0 1000.0 1.01929028174 0.962725219384
1.0 1584.89319246 1.06790821186 0.967624225078
1.0 2511.88643151 1.11877500661 0.985448916292
1.0 3981.07170553 1.19073599944 1.09891888436
1.0 6309.5734448 1.23334680781 1.22313713462
1.0 10000.0 1.24881892807 1.28223077016
1.38949549437 10.0 0.412243822017 0.902915836828
1.38949549437 15.8489319246 0.432209241331 0.903215760596
1.38949549437 25.1188643151 0.454786604814 0.903600267289
1.38949549437 39.8107170553 0.484134361307 0.904192029448
1.38949549437 63.095734448 0.526907887281 0.905303595943
1.38949549437 100.0 0.592817805362 0.907860362182
1.38949549437 158.489319246 0.681360921054 0.913656780766
1.38949549437 251.188643151 0.776149290854 0.923771278083
1.38949549437 398.107170553 0.863763664885 0.936820949538
1.38949549437 630.95734448 0.939142023941 0.949870266485
1.38949549437 1000.0 1.0019424603 0.9602727004
1.38949549437 1584.89319246 1.05367877332 0.966565228725
1.38949549437 2511.88643151 1.0962817644 0.968473539475
1.38949549437 3981.07170553 1.17264934288 1.06121031115
1.38949549437 6309.5734448 1.22317352401 1.18770607877
1.38949549437 10000.0 1.24751608897 1.27743328039
1.93069772888 10.0 0.410968582291 0.902897879391
1.93069772888 15.8489319246 0.430090043228 0.903182228055
1.93069772888 25.1188643151 0.450974180386 0.903531310772
1.93069772888 39.8107170553 0.477096662723 0.904038942945
1.93069772888 63.095734448 0.513870974484 0.904927460321
1.93069772888 100.0 0.570501081552 0.906855780306
1.93069772888 158.489319246 0.65242058398 0.911410135445
1.93069772888 251.188643151 0.746769607493 0.920173411904
1.93069772888 398.107170553 0.837415740982 0.932573305396
1.93069772888 630.95734448 0.916824616362 0.945948643561
1.93069772888 1000.0 0.983490857427 0.957403931922
1.93069772888 1584.89319246 1.03853890615 0.965070126182
1.93069772888 2511.88643151 1.0838544912 0.968324851994
1.93069772888 3981.07170553 1.15133907647 1.02616751184
1.93069772888 6309.5734448 1.21030528967 1.14834153167
1.93069772888 10000.0 1.24364740144 1.26095842469
2.68269579528 10.0 0.410074205017 0.902885338381
2.68269579528 15.8489319246 0.428493290514 0.903157232729
2.68269579528 25.1188643151 0.448027043464 0.903479142044
2.68269579528 39.8107170553 0.471578605582 0.903923962101
2.68269579528 63.095734448 0.503519829414 0.904653003914
2.68269579528 100.0 0.551703675764 0.906124346013
2.68269579528 158.489319246 0.6251460087 0.909617600111
2.68269579528 251.188643151 0.717110481964 0.916966330416
2.68269579528 398.107170553 0.809961053762 0.928430565168
2.68269579528 630.95734448 0.893239185447 0.941831539863
2.68269579528 1000.0 0.963883253904 0.954153969842
2.68269579528 1584.89319246 1.02242985671 0.9631354036
2.68269579528 2511.88643151 1.07063905009 0.967773996172
2.68269579528 3981.07170553 1.12535245423 0.992676921521
2.68269579528 6309.5734448 1.19505235706 1.10821697798
2.68269579528 10000.0 1.23689869318 1.23399918586
3.72759372031 10.0 0.40952417466 0.902877643544
3.72759372031 15.8489319246 0.427341310205 0.903139336669
3.72759372031 25.1188643151 0.445788783105 0.903440161242
3.72759372031 39.8107170553 0.467290440738 0.903837528981
3.72759372031 63.095734448 0.495387195976 0.904451123026
3.72759372031 100.0 0.536402575162 0.905599026125
3.72759372031 158.489319246 0.600409241302 0.908238405124
3.72759372031 251.188643151 0.68770965922 0.914203548382
3.72759372031 398.107170553 0.781583712701 0.92449524819
3.72759372031 630.95734448 0.868401292854 0.937605772489
3.72759372031 1000.0 0.943072918784 0.950565980194
3.72759372031 1584.89319246 1.00529267343 0.960767054522
3.72759372031 2511.88643151 1.0565833564 0.966802127922
3.72759372031 3981.07170553 1.09886387572 0.968439854503
3.72759372031 6309.5734448 1.17748994837 1.06970174568
3.72759372031 10000.0 1.22722003604 1.19908883468
5.17947467923 10.0 0.40928474488 0.902874291898
5.17947467923 15.8489319246 0.42657257642 0.903127450682
5.17947467923 25.1188643151 0.444135161972 0.903411704642
5.17947467923 39.8107170553 0.463998551671 0.903772839677
5.17947467923 63.095734448 0.48904293299 0.904301520814
5.17947467923 100.0 0.524264534715 0.905222391603
5.17947467923 158.489319246 0.578905287373 0.907213813843
5.17947467923 251.188643151 0.659233359986 0.911910698391
5.17947467923 398.107170553 0.752566164728 0.92086270438
5.17947467923 630.95734448 0.842367721509 0.933368016217
5.17947467923 1000.0 0.92102738542 0.946698749182
5.17947467923 1584.89319246 0.987069013663 0.957979884764
5.17947467923 2511.88643151 1.04163163539 0.965396674507
5.17947467923 3981.07170553 1.0865935997 0.968375347257
5.17947467923 6309.5734448 1.15671411897 1.03377890492
5.17947467923 10000.0 1.21478026161 1.15958562317
7.19685673001 10.0 0.409323199678 0.902874816848
7.19685673001 15.8489319246 0.426136759144 0.903120721038
7.19685673001 25.1188643151 0.442967676642 0.903391779304
7.19685673001 39.8107170553 0.461516017465 0.903724976026
7.19685673001 63.095734448 0.484133902035 0.904190261172
7.19685673001 100.0 0.514751563439 0.904949444368
7.19685673001 158.489319246 0.561027258027 0.906471991211
7.19685673001 251.188643151 0.632587961249 0.910078294612
7.19685673001 398.107170553 0.723317162634 0.917613454947
7.19685673001 630.95734448 0.815252267046 0.92922096488
7.19685673001 1000.0 0.89773466905 0.942624852479
7.19685673001 1584.89319246 0.967707981944 0.954806750661
7.19685673001 2511.88643151 1.0257265309 0.963552780843
7.19685673001 3981.07170553 1.07354710243 0.967913708825
7.19685673001 6309.5734448 1.13194001712 1.00010765596
7.19685673001 10000.0 1.19989000156 1.11880206193
10.0 10.0 0.409323199678 0.902874816848
10.0 15.8489319246 0.425991049512 0.903118461644
10.0 25.1188643151 0.44220779343 0.903378873986
10.0 39.8107170553 0.459693849297 0.903690328661
10.0 63.095734448 0.480377577961 0.904107660688
10.0 100.0 0.507366801642 0.904750178803
10.0 158.489319246 0.546688802689 0.905943018314
10.0 251.188643151 0.608619683266 0.908670358868
10.0 398.107170553 0.694399647498 0.914805639574
10.0 630.95734448 0.787246211244 0.925268030373
10.0 1000.0 0.873212709326 0.938429529082
10.0 1584.89319246 0.947164542259 0.951288835651
10.0 2511.88643151 1.00881060746 0.961274857385
10.0 3981.07170553 1.05967427897 0.967035198046
10.0 6309.5734448 1.10165614245 0.96837730824
10.0 10000.0 1.18285082963 1.0793645783
13.8949549437 10.0 0.409323199678 0.902874816848
13.8949549437 15.8489319246 0.426097720941 0.90312007865
13.8949549437 25.1188643151 0.441792064226 0.903371819944
13.8949549437 39.8107170553 0.458413374761 0.903666212867
13.8949549437 63.095734448 0.477549806541 0.904046871153
13.8949549437 100.0 0.501676117392 0.904603730333
13.8949549437 158.489319246 0.535441592801 0.905565001052
13.8949549437 251.188643151 0.588033894258 0.907627367331
13.8949549437 398.107170553 0.666544918073 0.912468818582
13.8949549437 630.95734448 0.75864410018 0.921606691007
13.8949549437 1000.0 0.847521981552 0.934208420833
13.8949549437 1584.89319246 0.925408200368 0.947482844539
13.8949549437 2511.88643151 0.990827274504 0.958576043493
13.8949549437 3981.07170553 1.04492094595 0.965726154119
13.8949549437 6309.5734448 1.0895557704 0.968405701325
13.8949549437 10000.0 1.16258027273 1.04239236036
19.3069772888 10.0 0.409323199678 0.902874816848
19.3069772888 15.8489319246 0.426422765127 0.903125056069
19.3069772888 25.1188643151 0.441668253443 0.90336969188
19.3069772888 39.8107170553 0.457579797023 0.903650601798
19.3069772888 63.095734448 0.475473029146 0.904002957106
19.3069772888 100.0 0.497332339197 0.904495908202
19.3069772888 158.489319246 0.52674472408 0.905293300581
19.3069772888 251.188643151 0.571131060349 0.906875935671
19.3069772888 398.107170553 0.640623020978 0.910600494679
19.3069772888 630.95734448 0.729873803989 0.918320873687
19.3069772888 1000.0 0.820782207095 0.930063967086
19.3069772888 1584.89319246 0.902429521526 0.943459404392
19.3069772888 2511.88643151 0.971727403959 0.955486995208
19.3069772888 3981.07170553 1.02923138597 0.963980390656
19.3069772888 6309.5734448 1.0766886828 0.968040693536
19.3069772888 10000.0 1.13880167589 1.00813659098
26.8269579528 10.0 0.409323199678 0.902874816848
26.8269579528 15.8489319246 0.426935246083 0.903132936154
26.8269579528 25.1188643151 0.441792475623 0.903371738141
26.8269579528 39.8107170553 0.457116887064 0.903641941799
26.8269579528 63.095734448 0.474006402739 0.903972296701
26.8269579528 100.0 0.494062880888 0.904416921511
26.8269579528 158.489319246 0.520073542701 0.905096342926
26.8269579528 251.188643151 0.557762033663 0.906342795182
26.8269579528 398.107170553 0.617512840336 0.909166708825
26.8269579528 630.95734448 0.701525360013 0.915473186507
26.8269579528 1000.0 0.793194156831 0.926100342626
26.8269579528 1584.89319246 0.878249990647 0.939302116745
26.8269579528 2511.88643151 0.951468217126 0.952046894488
26.8269579528 3981.07170553 1.01254997605 0.961800740286
26.8269579528 6309.5734448 1.06301020716 0.967263561228
26.8269579528 10000.0 1.10509044298 0.968826479356
37.2759372031 10.0 0.409346682131 0.902874804953
37.2759372031 15.8489319246 0.427607087508 0.903143310618
37.2759372031 25.1188643151 0.442127221176 0.903377334651
37.2759372031 39.8107170553 0.4569627392 0.903639021551
37.2759372031 63.095734448 0.473037832642 0.903952186915
37.2759372031 100.0 0.49165430636 0.904359874084
37.2759372031 158.489319246 0.514997356852 0.904952803389
37.2759372031 251.188643151 0.547409778909 0.905963846921
37.2759372031 398.107170553 0.597919192528 0.908107137504
37.2759372031 630.95734448 0.674362052465 0.913098110329
37.2759372031 1000.0 0.7650670952 0.922416994216
37.2759372031 1584.89319246 0.852935268423 0.935105499503
37.2759372031 2511.88643151 0.930021920167 0.948310331817
37.2759372031 3981.07170553 0.994822245237 0.959198665126
37.2759372031 6309.5734448 1.04846803588 0.966059558241
37.2759372031 10000.0 1.09280937304 0.968409045705
51.7947467923 10.0 0.409346682131 0.902874804953
51.7947467923 15.8489319246 0.428413055177 0.903155820521
51.7947467923 25.1188643151 0.442640068688 0.903385954
51.7947467923 39.8107170553 0.457066495905 0.903640879328
51.7947467923 63.095734448 0.472477645252 0.903940577868
51.7947467923 100.0 0.489939012596 0.904319804233
51.7947467923 158.489319246 0.511179026947 0.904848275786
51.7947467923 251.188643151 0.539500029131 0.905693098608
51.7947467923 398.107170553 0.582045760665 0.907346528813
51.7947467923 630.95734448 0.649278300285 0.911197490487
51.7947467923 1000.0 0.736850302958 0.919101075417
51.7947467923 1584.89319246 0.826612868806 0.930971622155
51.7947467923 2511.88643151 0.907382567207 0.944345935981
51.7947467923 3981.07170553 0.976001308974 0.956202610551
51.7947467923 6309.5734448 1.03300835834 0.964421165075
51.7947467923 10000.0 1.08013472893 0.968150217465
71.9685673001 10.0 0.409346682131 0.902874804953
71.9685673001 15.8489319246 0.429330631866 0.903169880924
71.9685673001 25.1188643151 0.443302867894 0.90339714606
71.9685673001 39.8107170553 0.457385907769 0.903646738911
71.9685673001 63.095734448 0.472253622265 0.90393589059
71.9685673001 100.0 0.488784737158 0.904293070076
71.9685673001 158.489319246 0.508357833474 0.904772860901
71.9685673001 251.188643151 0.533506082528 0.905498206406
71.9685673001 398.107170553 0.569651286303 0.906809188878
71.9685673001 630.95734448 0.627146611184 0.909739726175
71.9685673001 1000.0 0.709161503459 0.916219460042
71.9685673001 1584.89319246 0.799495247849 0.927005279442
71.9685673001 2511.88643151 0.88357637861 0.940235593132
71.9685673001 3981.07170553 0.956047239378 0.952849723783
71.9685673001 6309.5734448 1.01657768166 0.962349625845
71.9685673001 10000.0 1.06666475555 0.967484732535
100.0 10.0 0.409346682131 0.902874804953
100.0 15.8489319246 0.430340502578 0.903185683206
100.0 25.1188643151 0.444091205507 0.903410525024
100.0 39.8107170553 0.45788556242 0.903655964534
100.0 63.095734448 0.472307156952 0.903936890249
100.0 100.0 0.488086495417 0.904276948782
100.0 158.489319246 0.506331847407 0.90471960311
100.0 251.188643151 0.529006616752 0.90535746162
100.0 398.107170553 0.560172081846 0.906429068409
100.0 630.95734448 0.608614039422 0.908665097053
100.0 1000.0 0.682792011984 0.913811314747
100.0 1584.89319246 0.771908595516 0.9233077066
100.0 2511.88643151 0.858675691984 0.936072599888
100.0 3981.07170553 0.934935697557 0.94919243302
100.0 6309.5734448 0.99912496956 0.959856504606
100.0 10000.0 1.05234936242 0.966396743059
