1.0 10.0 0.415553345865 0.898679386976
1.0 15.8489319246 0.437312217184 0.898396596033
1.0 25.1188643151 0.463159953722 0.89799989022
1.0 39.8107170553 0.498614631652 0.897293742811
1.0 63.095734448 0.55261487858 0.895858261732
1.0 100.0 0.634268609965 0.89293481929
1.0 158.489319246 0.736592819467 0.887694401941
1.0 251.188643151 0.842781362611 0.878829396228
1.0 398.107170553 0.94220423593 0.8647347931
1.0 630.95734448 1.03112906619 0.845049922994
1.0 1000.0 1.1092089941 0.821054388323
1.0 1584.89319246 1.17732616284 0.794922810761
1.0 2511.88643151 1.26825153628 0.841604519896
1.0 3981.07170553 1.34904739958 0.940919175428
1.0 6309.5734448 1.41135432493 1.06296859045
1.0 10000.0 1.44140532019 1.12959139176
1.38949549437 10.0 0.413849314772 0.8982788801
1.38949549437 15.8489319246 0.434541522759 0.897968381879
1.38949549437 25.1188643151 0.458158265668 0.897565886582
1.38949549437 39.8107170553 0.489317208145 0.896892179956
1.38949549437 63.095734448 0.535565150543 0.895566966896
1.38949549437 100.0 0.607603387668 0.892773781665
1.38949549437 158.489319246 0.705214152485 0.887423674642
1.38949549437 251.188643151 0.812271206577 0.878232540901
1.38949549437 398.107170553 0.915258604007 0.863543601978
1.38949549437 630.95734448 1.00855582925 0.842719091103
1.38949549437 1000.0 1.09100241997 0.816909021893
1.38949549437 1584.89319246 1.16324105096 0.788405075504
1.38949549437 2511.88643151 1.24857405382 0.806489368139
1.38949549437 3981.07170553 1.33511415248 0.893210292918
1.38949549437 6309.5734448 1.40612581851 1.01390983731
1.38949549437 10000.0 1.44906434891 1.10931903338
1.93069772888 10.0 0.412582641984 0.897833950655
1.93069772888 15.8489319246 0.432417556164 0.89749126828
1.93069772888 25.1188643151 0.454266175286 0.89707795077
1.93069772888 39.8107170553 0.481990867929 0.896429622789
1.93069772888 63.095734448 0.521796695007 0.895212595501
1.93069772888 100.0 0.584056008578 0.892642632978
1.93069772888 158.489319246 0.67472571497 0.887394382464
1.93069772888 251.188643151 0.781048320073 0.878027443427
1.93069772888 398.107170553 0.887049577714 0.862854135985
1.93069772888 630.95734448 0.984617399628 0.840946317685
1.93069772888 1000.0 1.07151367822 0.813279170841
1.93069772888 1584.89319246 1.14800818128 0.782246021919
1.93069772888 2511.88643151 1.22670471906 0.773261386509
1.93069772888 3981.07170553 1.31970256466 0.848416036452
1.93069772888 6309.5734448 1.39796968353 0.96147254709
1.93069772888 10000.0 1.45329351383 1.07604249524
2.68269579528 10.0 0.411711752138 0.897337410347
2.68269579528 15.8489319246 0.430839160816 0.896958456887
2.68269579528 25.1188643151 0.451282327934 0.896528771435
2.68269579528 39.8107170553 0.476269967536 0.895897507665
2.68269579528 63.095734448 0.510849382399 0.894773147856
2.68269579528 100.0 0.564098979273 0.892457575437
2.68269579528 158.489319246 0.645915174812 0.887508653883
2.68269579528 251.188643151 0.749590337044 0.878176222907
2.68269579528 398.107170553 0.857695383132 0.862667417998
2.68269579528 630.95734448 0.959315249236 0.839778004564
2.68269579528 1000.0 1.0507055763 0.810246961396
2.68269579528 1584.89319246 1.13157897304 0.77654275053
2.68269579528 2511.88643151 1.20285208963 0.741697376774
2.68269579528 3981.07170553 1.30301526826 0.806835407459
2.68269579528 6309.5734448 1.38743662638 0.908558608161
2.68269579528 10000.0 1.45383788311 1.03183481303
3.72759372031 10.0 0.41120129537 0.89678161111
3.72759372031 15.8489319246 0.429728249373 0.896362345056
3.72759372031 25.1188643151 0.449046056977 0.895910567372
3.72759372031 39.8107170553 0.471853639196 0.895287622575
3.72759372031 63.095734448 0.502260964246 0.894237478126
3.72759372031 100.0 0.54773055973 0.89216450033
3.72759372031 158.489319246 0.61962523381 0.887653306635
3.72759372031 251.188643151 0.718376864251 0.8785986264
3.72759372031 398.107170553 0.827384684011 0.862961439221
3.72759372031 630.95734448 0.932677274056 0.839245913353
3.72759372031 1000.0 1.02855011279 0.807890389928
3.72759372031 1584.89319246 1.11390839049 0.771396836884
3.72759372031 2511.88643151 1.18946351179 0.733112642893
3.72759372031 3981.07170553 1.28511479022 0.768281233081
3.72759372031 6309.5734448 1.37502208128 0.857219483211
3.72759372031 10000.0 1.45085135419 0.979988489669
5.17947467923 10.0 0.411018990654 0.89615803233
5.17947467923 15.8489319246 0.429023689692 0.895694374229
5.17947467923 25.1188643151 0.447430391368 0.895214777813
5.17947467923 39.8107170553 0.468499092739 0.894591364993
5.17947467923 63.095734448 0.495588483042 0.893597390807
5.17947467923 100.0 0.534695870594 0.891731294355
5.17947467923 158.489319246 0.596594176751 0.887716943497
5.17947467923 251.188643151 0.688106069121 0.879190768897
5.17947467923 398.107170553 0.79635781822 0.863682994908
5.17947467923 630.95734448 0.904768573951 0.839361908591
5.17947467923 1000.0 1.00503186306 0.806279466015
5.17947467923 1584.89319246 1.09495798574 0.766912407155
5.17947467923 2511.88643151 1.1749189638 0.724938571275
5.17947467923 3981.07170553 1.26596637879 0.732319053441
5.17947467923 6309.5734448 1.36113093534 0.808496661367
5.17947467923 10000.0 1.44476219394 0.924095389994
7.19685673001 10.0 0.411133817208 0.895457243491
7.19685673001 15.8489319246 0.428676187999 0.894944923738
7.19685673001 25.1188643151 0.446335425922 0.894431812084
7.19685673001 39.8107170553 0.466012475183 0.893799279583
7.19685673001 63.095734448 0.490463378601 0.892844747612
7.19685673001 100.0 0.524466973251 0.891143870512
7.19685673001 158.489319246 0.577266315972 0.887609747417
7.19685673001 251.188643151 0.659601740048 0.879822537312
7.19685673001 398.107170553 0.765096393977 0.864758450906
7.19685673001 630.95734448 0.875706238271 0.840111946994
7.19685673001 1000.0 0.980153017688 0.805471267836
7.19685673001 1584.89319246 1.07469577914 0.763193953038
7.19685673001 2511.88643151 1.15917751805 0.717290984083
7.19685673001 3981.07170553 1.24544032278 0.698154784351
7.19685673001 6309.5734448 1.34603051138 0.762715745313
7.19685673001 10000.0 1.43616204191 0.867210187404
10.0 10.0 0.411133817208 0.895457243491
10.0 15.8489319246 0.428644478253 0.894103234439
10.0 25.1188643151 0.445682350393 0.893550849579
10.0 39.8107170553 0.464239991997 0.892900726936
10.0 63.095734448 0.486589155686 0.891970285722
10.0 100.0 0.516549691025 0.890396490111
10.0 158.489319246 0.561599042846 0.887279275538
10.0 251.188643151 0.633735805914 0.880351080062
10.0 398.107170553 0.73410607707 0.866065807117
10.0 630.95734448 0.845679171199 0.841449598817
10.0 1000.0 0.953940835644 0.805503731828
10.0 1584.89319246 1.05309836013 0.760342961247
10.0 2511.88643151 1.14220075502 0.710292521929
10.0 3981.07170553 1.22324216028 0.663079638645
10.0 6309.5734448 1.32985634356 0.719702144977
10.0 10000.0 1.42560340947 0.811442294313
13.8949549437 10.0 0.411133817208 0.895457243491
13.8949549437 15.8489319246 0.428892740844 0.89315728573
13.8949549437 25.1188643151 0.445408363755 0.892559667982
13.8949549437 39.8107170553 0.463060029278 0.891883614148
13.8949549437 63.095734448 0.483730519105 0.890963081435
13.8949549437 100.0 0.510492295553 0.889483371703
13.8949549437 158.489319246 0.549269924929 0.886703086729
13.8949549437 251.188643151 0.611249677658 0.880643243158
13.8949549437 398.107170553 0.704110739298 0.867453907667
13.8949549437 630.95734448 0.814934687508 0.843286511748
13.8949549437 1000.0 0.926458505103 0.806388073921
13.8949549437 1584.89319246 1.03015372557 0.758453271093
13.8949549437 2511.88643151 1.12395888357 0.704072440326
13.8949549437 3981.07170553 1.20846713146 0.648499417969
13.8949549437 6309.5734448 1.31269170311 0.679089948333
13.8949549437 10000.0 1.41354076476 0.757940546554
19.3069772888 10.0 0.411133817208 0.895457243491
19.3069772888 15.8489319246 0.429389187 0.892093702775
19.3069772888 25.1188643151 0.445462620463 0.891444485173
19.3069772888 39.8107170553 0.462376426799 0.890734156191
19.3069772888 63.095734448 0.481701752349 0.889810238368
19.3069772888 100.0 0.505927724617 0.888396320933
19.3069772888 158.489319246 0.53971875033 0.885875845344
19.3069772888 251.188643151 0.592550107044 0.880600688603
19.3069772888 398.107170553 0.675963679274 0.86874365859
19.3069772888 630.95734448 0.783954769876 0.845500929265
19.3069772888 1000.0 0.897820436201 0.808099865044
19.3069772888 1584.89319246 1.00586546071 0.757604652162
19.3069772888 2511.88643151 1.10442789167 0.698764066512
19.3069772888 3981.07170553 1.19361869484 0.637558782741
19.3069772888 6309.5734448 1.29461741696 0.640410166774
19.3069772888 10000.0 1.40027304062 0.707027717154
26.8269579528 10.0 0.411133817208 0.895457243491
26.8269579528 15.8489319246 0.430105352677 0.890897601253
26.8269579528 25.1188643151 0.445803218675 0.890189794145
26.8269579528 39.8107170553 0.462112896189 0.88943664754
26.8269579528 63.095734448 0.480356541142 0.888496638027
26.8269579528 100.0 0.502565985013 0.887123900877
26.8269579528 158.489319246 0.532431263584 0.884798160769
26.8269579528 251.188643151 0.57756825912 0.880175041986
26.8269579528 398.107170553 0.650554073565 0.869747511334
26.8269579528 630.95734448 0.753267386726 0.847912178054
26.8269579528 1000.0 0.868213136868 0.810569164393
26.8269579528 1584.89319246 0.980260512488 0.757854659328
26.8269579528 2511.88643151 1.08359148635 0.69450174396
26.8269579528 3981.07170553 1.17755550859 0.627266525366
26.8269579528 6309.5734448 1.27576857433 0.603122298901
26.8269579528 10000.0 1.38598414059 0.658531536265
37.2759372031 10.0 0.411133817208 0.895457243491
37.2759372031 15.8489319246 0.431015860389 0.889552391749
37.2759372031 25.1188643151 0.446395109488 0.888778168702
37.2759372031 39.8107170553 0.462208535691 0.887973229511
37.2759372031 63.095734448 0.479579594749 0.887004693832
37.2759372031 100.0 0.50018011765 0.885651193358
37.2759372031 158.489319246 0.526953335785 0.883466576951
37.2759372031 251.188643151 0.565880600064 0.879353707286
37.2759372031 398.107170553 0.628613282534 0.870300085406
37.2759372031 630.95734448 0.723615740683 0.850300005171
37.2759372031 1000.0 0.837888600438 0.813668089696
37.2759372031 1584.89319246 0.953397624157 0.759227260737
37.2759372031 2511.88643151 1.06144318804 0.691415880662
37.2759372031 3981.07170553 1.16025845767 0.617775903124
37.2759372031 6309.5734448 1.25644583705 0.566504762909
37.2759372031 10000.0 1.37077446114 0.612007694014
51.7947467923 10.0 0.411133817208 0.895457243491
51.7947467923 15.8489319246 0.432098391155 0.88803953499
51.7947467923 25.1188643151 0.447208727415 0.887190027733
51.7947467923 39.8107170553 0.462614352809 0.886323635104
51.7947467923 63.095734448 0.47927991685 0.885314083533
51.7947467923 100.0 0.49859283931 0.883959670555
51.7947467923 158.489319246 0.522922534997 0.881871717777
51.7947467923 251.188643151 0.556955362311 0.878144130722
51.7947467923 398.107170553 0.610507437923 0.870289656842
51.7947467923 630.95734448 0.695871713371 0.852412328791
51.7947467923 1000.0 0.807319953429 0.817213718697
51.7947467923 1584.89319246 0.925386547296 0.761700461989
51.7947467923 2511.88643151 1.03799000681 0.689625568762
51.7947467923 3981.07170553 1.14171467272 0.609251198688
51.7947467923 6309.5734448 1.23731535192 0.529495260271
51.7947467923 10000.0 1.3547401588 0.566967175853
71.9685673001 10.0 0.411133817208 0.895457243491
71.9685673001 15.8489319246 0.433333703079 0.886338245778
71.9685673001 25.1188643151 0.44821911918 0.885403344596
71.9685673001 39.8107170553 0.463290661306 0.884464892919
71.9685673001 63.095734448 0.479385485882 0.883401441922
71.9685673001 100.0 0.497665543636 0.882027024566
71.9685673001 158.489319246 0.520056537593 0.879997933033
71.9685673001 251.188643151 0.55025291603 0.876553156973
71.9685673001 398.107170553 0.596130676463 0.86967127186
71.9685673001 630.95734448 0.670927415348 0.853994512502
71.9685673001 1000.0 0.777049033887 0.820946306073
71.9685673001 1584.89319246 0.896401175784 0.765189315654
71.9685673001 2511.88643151 1.01325856454 0.689228001435
71.9685673001 3981.07170553 1.12191785479 0.60186566852
71.9685673001 6309.5734448 1.22235368482 0.512989704315
71.9685673001 10000.0 1.33799105692 0.522858833744
100.0 10.0 0.411133817208 0.895457243491
100.0 15.8489319246 0.43470560794 0.884425143701
100.0 25.1188643151 0.449405377129 0.883393295464
100.0 39.8107170553 0.464205185654 0.882370975592
100.0 63.095734448 0.479839116537 0.881240003973
100.0 100.0 0.497289647115 0.87982690489
100.0 158.489319246 0.518136894461 0.877823439887
100.0 251.188643151 0.545321537042 0.874578838383
100.0 398.107170553 0.585031710628 0.868444913886
100.0 630.95734448 0.64949672729 0.854831793638
100.0 1000.0 0.747825716938 0.824547746527
100.0 1584.89319246 0.866723538827 0.769531868309
100.0 2511.88643151 0.987304765663 0.690283888409
100.0 3981.07170553 1.10086943366 0.5957974231
100.0 6309.5734448 1.20631182957 0.497622033666
100.0 10000.0 1.32066029574 0.479083867704