0.5 0.2 -19.0175909263 -0.00561645280892
0.5 0.25 -18.1347284989 -0.00565283895904
0.5 0.3 -17.26326676 -0.00568088069221
0.5 0.35 -16.4012673685 -0.00570042494394
0.5 0.4 -15.5332005673 -0.00571156255857
0.5 0.45 -14.9311308387 -0.0057150092331
0.5 0.5 -14.5335958444 -0.00570810223077
0.5 0.55 -14.115852573 -0.00568946097412
0.5 0.6 -13.676069943 -0.00565794434668
0.5 0.65 -13.2120822415 -0.00561217804644
0.5 0.7 -12.7212915853 -0.00555048189489
0.5 0.75 -12.2005306047 -0.00547076675282
0.5 0.8 -11.6458640248 -0.00537038507124
0.5 0.85 -11.0522933781 -0.00524590905385
0.5 0.9 -10.413302584 -0.00509279310768
0.5 0.95 -9.72013122982 -0.00490484702028
0.5 1.0 -8.96055887431 -0.00467339280312
0.5 1.05 -8.11675607427 -0.00438588172221
0.5 1.1 -7.16119339312 -0.00402355955247
0.5 1.15 -6.04789468492 -0.00355725786481
0.5 1.2 -4.68930046728 -0.00293779718427
0.5625 0.2 -12.3770042821 -0.00220985439157
0.5625 0.25 -11.7858182417 -0.00228834900774
0.5625 0.3 -11.2033633288 -0.00236098698371
0.5625 0.35 -10.6258899673 -0.00242754447592
0.5625 0.4 -10.0447138672 -0.00248800424722
0.5625 0.45 -9.61910853065 -0.00254315510393
0.5625 0.5 -9.35152790349 -0.0025921569398
0.5625 0.55 -9.07046052283 -0.00263416157492
0.5625 0.6 -8.77467951238 -0.0026684674939
0.5625 0.65 -8.46273222079 -0.00269422375177
0.5625 0.7 -8.13287414508 -0.00271038239974
0.5625 0.75 -7.78297589985 -0.00271563090789
0.5625 0.8 -7.41038883623 -0.00270829417191
0.5625 0.85 -7.0117452493 -0.00268618932206
0.5625 0.9 -6.58265148551 -0.00264640587208
0.5625 0.95 -6.1171986734 -0.00258496583871
0.5625 1.0 -5.60714820273 -0.00249628896718
0.5625 1.05 -5.0405022772 -0.00237234158262
0.5625 1.1 -4.39881037012 -0.00220127517648
0.5625 1.15 -3.65148440302 -0.00196519217905
0.5625 1.2 -2.74094735298 -0.00163557108383
0.625 0.2 -8.3548374921 -0.000596442712527
0.625 0.25 -7.94054674772 -0.000688314375615
0.625 0.3 -7.5315900438 -0.000775781212147
0.625 0.35 -7.12630621114 -0.000858597591626
0.625 0.4 -6.71969336722 -0.000936686758852
0.625 0.45 -6.40675282601 -0.00101074696591
0.625 0.5 -6.21771023525 -0.00108082551584
0.625 0.55 -6.01924053424 -0.00114639157973
0.625 0.6 -5.81048150742 -0.0012069773649
0.625 0.65 -5.59041079413 -0.00126201116722
0.625 0.7 -5.35779876522 -0.00131078362831
0.625 0.75 -5.11114216018 -0.00135239973633
0.625 0.8 -4.84856825257 -0.0013857092154
0.625 0.85 -4.56769250878 -0.00140920357323
0.625 0.9 -4.2654003894 -0.00142086092677
0.625 0.95 -3.93750070679 -0.00141790826195
0.625 1.0 -3.5781517867 -0.0013964534574
0.625 1.05 -3.17886299741 -0.00135091698484
0.625 1.1 -2.7266363551 -0.00127317444989
0.625 1.15 -2.20010559305 -0.00115130630181
0.625 1.2 -1.55959480558 -0.000967437895825
0.6875 0.2 -5.79167858508 0.000195181656539
0.6875 0.25 -5.48969625679 0.000101794280009
0.6875 0.3 -5.19200937926 1.19061793307e-05
0.6875 0.35 -4.89711373733 -7.42545742979e-05
0.6875 0.4 -4.60114928991 -0.000156579933525
0.6875 0.45 -4.36394812228 -0.000235644459569
0.6875 0.5 -4.22484634337 -0.000311929486939
0.6875 0.55 -4.0788976228 -0.00038510772876
0.6875 0.6 -3.9254713406 -0.000454845826254
0.6875 0.65 -3.76381837588 -0.000520733371257
0.6875 0.7 -3.59303600101 -0.000582257447779
0.6875 0.75 -3.41201842373 -0.000638766375609
0.6875 0.8 -3.21938537886 -0.000689417131439
0.6875 0.85 -3.01337617658 -0.000733097718579
0.6875 0.9 -2.79168764928 -0.000768310648809
0.6875 0.95 -2.55121772365 -0.000792995873768
0.6875 1.0 -2.28764365392 -0.00080426079541
0.6875 1.05 -1.99469544395 -0.000797975009156
0.6875 1.1 -1.66282318658 -0.000768194326856
0.6875 1.15 -1.27648062764 -0.000706434405973
0.6875 1.2 -0.807249836089 -0.000600737627036
0.75 0.2 -4.09100065857 0.000586095839866
0.75 0.25 -3.8637895251 0.000496097680042
0.75 0.3 -3.64011120019 0.00040898901999
0.75 0.35 -3.41834219419 0.000324966928708
0.75 0.4 -3.19574557655 0.000244162535099
0.75 0.45 -3.01088471565 0.000166118774438
0.75 0.5 -2.90488374366 9.01441280313e-05
0.75 0.55 -2.79374528597 1.64288612906e-05
0.75 0.6 -2.67699205153 -5.47762910094e-05
0.75 0.65 -2.55405579782 -0.000123160530652
0.75 0.7 -2.42425017083 -0.000188332858663
0.75 0.75 -2.28673242199 -0.00024979337256
0.75 0.8 -2.14044814201 -0.000306891648364
0.75 0.85 -1.98404934852 -0.000358765390707
0.75 0.9 -1.8157695049 -0.00040424869071
0.75 0.95 -1.63322661808 -0.000441733595975
0.75 1.0 -1.43310171357 -0.000468961802512
0.75 1.05 -1.21059122543 -0.000482719955602
0.75 1.1 -0.958419655339 -0.000478431201034
0.75 1.15 -0.664872501784 -0.000449722926531
0.75 1.2 -0.308918964661 -0.000388140493153
0.8125 0.2 -2.92391606909 0.000772457490505
0.8125 0.25 -2.74822475343 0.000687728486643
0.8125 0.3 -2.57514997479 0.000605442232107
0.8125 0.35 -2.40363735311 0.000525787883676
0.8125 0.4 -2.23171792574 0.000448899721172
0.8125 0.45 -2.08412826946 0.000374416988339
0.8125 0.5 -2.00083567015 0.000301560572661
0.8125 0.55 -1.91357796116 0.000230424150555
0.8125 0.6 -1.82198293193 0.00016120471435
0.8125 0.65 -1.72560628857 9.41479340955e-05
0.8125 0.7 -1.62390993366 2.95646716514e-05
0.8125 0.75 -1.5162313323 -3.21454672702e-05
0.8125 0.8 -1.40173929325 -9.04599924595e-05
0.8125 0.85 -1.27936850358 -0.000144683274593
0.8125 0.9 -1.14771990094 -0.000193871636077
0.8125 0.95 -1.00490445666 -0.000236721005708
0.8125 1.0 -0.848290103468 -0.000271399765949
0.8125 1.05 -0.674076171402 -0.000295309742656
0.8125 1.1 -0.476541039875 -0.000304783017086
0.8125 1.15 -0.246583391666 -0.000294821950424
0.8125 1.2 0.0318059994143 -0.000259160981147
0.875 0.2 -2.10015893748 0.000851047158558
0.875 0.25 -1.96100993047 0.000772114084689
0.875 0.3 -1.82356529245 0.000695274889324
0.875 0.35 -1.68760462639 0.000620737037832
0.875 0.4 -1.55160154201 0.000548622420684
0.875 0.45 -1.43140489525 0.000478643352433
0.875 0.5 -1.3641508878 0.000410000394629
0.875 0.55 -1.29375959546 0.000342717525467
0.875 0.6 -1.21993295385 0.000276955030853
0.875 0.65 -1.14231412178 0.000212913856879
0.875 0.7 -1.06046959649 0.000150849533696
0.875 0.75 -0.97386397243 9.10920405053e-05
0.875 0.8 -0.881823509788 3.40745917054e-05
0.875 0.85 -0.783482260814 -1.96240460019e-05
0.875 0.9 -0.677700305065 -6.92166506793e-05
0.875 0.95 -0.56293618336 -0.00011361369105
0.875 1.0 -0.437041991207 -0.000151285017017
0.875 1.05 -0.296923577176 -0.0001800659216
0.875 1.1 -0.137952977237 -0.000196923266724
0.875 1.15 0.0471350435336 -0.000197799952673
0.875 1.2 0.270832608706 -0.000177864217114
0.9375 0.2 -1.50479308415 0.000871848085888
0.9375 0.25 -1.39191866106 0.000798612031859
0.9375 0.3 -1.28070982563 0.000727236621346
0.9375 0.35 -1.17074718116 0.000657888101686
0.9375 0.4 -1.06054678427 0.000590679966979
0.9375 0.45 -0.9608060315 0.00052540221187
0.9375 0.5 -0.905165238827 0.000461262289774
0.9375 0.55 -0.846986458418 0.000398232196373
0.9375 0.6 -0.786025266598 0.000336446065227
0.9375 0.65 -0.721988085317 0.000276072804329
0.9375 0.7 -0.654517070784 0.000217328091598
0.9375 0.75 -0.583168771679 0.000160491491746
0.9375 0.8 -0.507383328266 0.000105931250348
0.9375 0.85 -0.426438979092 5.41406988104e-05
0.9375 0.9 -0.339383207702 5.79223987746e-06
0.9375 0.95 -0.244925877093 -3.81824533903e-05
0.9375 1.0 -0.141269097632 -7.64751986083e-05
0.9375 1.05 -0.0258292646107 -0.000107239621631
0.9375 1.1 0.105231946339 -0.000127904834691
0.9375 1.15 0.257856269011 -0.000135084991199
0.9375 1.2 0.44200853312 -0.000124926976144
1.0 0.2 -1.06578023582 0.000861620145549
1.0 0.25 -0.972695124095 0.000793767326407
1.0 0.3 -0.880905585164 0.000727561587679
1.0 0.35 -0.789827262205 0.000663148651044
1.0 0.4 -0.69892056877 0.000600670805456
1.0 0.45 -0.614775340818 0.000539950576277
1.0 0.5 -0.567726390126 0.000480227082049
1.0 0.55 -0.518582772026 0.000421432973633
1.0 0.6 -0.467139715966 0.000363683058367
1.0 0.65 -0.413150408063 0.000307122442906
1.0 0.7 -0.356312929522 0.00025193704381
1.0 0.75 -0.296251797018 0.00019836858622
1.0 0.8 -0.232491323715 0.000146736320331
1.0 0.85 -0.164416320186 9.74688728442e-05
1.0 0.9 -0.0912127833096 5.11513822513e-05
1.0 0.95 -0.0117763244371 8.59526367432e-06
1.0 1.0 0.0754322880637 -2.90604920122e-05
1.0 1.05 0.172619491684 -6.02115665499e-05
1.0 1.1 0.283040701866 -8.26358117649e-05
1.0 1.15 0.411662214193 -9.34442471857e-05
1.0 1.2 0.566592035136 -8.94765306235e-05
1.0625 0.2 -0.736765508725 0.000835116407842
1.0625 0.25 -0.65840214172 0.000772188268985
1.0625 0.3 -0.581165156983 0.000710749442314
1.0625 0.35 -0.504555407351 0.000650928886495
1.0625 0.4 -0.42819800553 0.00059286157261
1.0625 0.45 -0.356104256742 0.000536407830989
1.0625 0.5 -0.315532464191 0.000480847186591
1.0625 0.55 -0.273200183856 0.000426081604868
1.0625 0.6 -0.228932516389 0.000372211153348
1.0625 0.65 -0.182517874871 0.000319362694281
1.0625 0.7 -0.13369646753 0.000267699219301
1.0625 0.75 -0.0821440098084 0.000217433169276
1.0625 0.8 -0.0274482216876 0.000168845711342
1.0625 0.85 0.0309258032361 0.000122314984299
1.0625 0.9 0.0936877178112 7.83578220285e-05
1.0625 0.95 0.161801970346 3.76913146131e-05
1.0625 1.0 0.23661292948 1.32168858908e-06
1.0625 1.05 0.320042954011 -2.93362521414e-05
1.0625 1.1 0.41490871246 -5.23314519797e-05
1.0625 1.15 0.52544345576 -6.51544182678e-05
1.0625 1.2 0.658364187248 -6.51513220505e-05
1.125 0.2 -0.486404126625 0.000800561429462
1.125 0.25 -0.41939159077 0.000742115572101
1.125 0.3 -0.353366150041 0.000685027000046
1.125 0.35 -0.287981479398 0.000629413842795
1.125 0.4 -0.222692944646 0.000575389152157
1.125 0.45 -0.160062017183 0.000522859822044
1.125 0.5 -0.124454703473 0.000471144902229
1.125 0.55 -0.0873430286289 0.000420122203775
1.125 0.6 -0.0485749727334 0.000369880242109
1.125 0.65 -0.00796593009843 0.000320531513745
1.125 0.7 0.0347116246781 0.000272220877654
1.125 0.75 0.0797427602302 0.000225137513288
1.125 0.8 0.127491186891 0.000179532218754
1.125 0.85 0.178430308558 0.00013574273352
1.125 0.9 0.233189829 9.42310851557e-05
1.125 0.95 0.292626966952 5.56385444546e-05
1.125 1.0 0.357936767651 2.08645870097e-05
1.125 1.05 0.430823928675 -8.82805085881e-06
1.125 1.1 0.513769149707 -3.1704443214e-05
1.125 1.15 0.610445226435 -4.55528291065e-05
1.125 1.2 0.726509077157 -4.81004926929e-05
1.1875 0.2 -0.29358642054 0.000762633849313
1.1875 0.25 -0.235596933239 0.000708264343666
1.1875 0.3 -0.178299408066 0.000655114610814
1.1875 0.35 -0.121503140898 0.000603311227741
1.1875 0.4 -0.0649001276735 0.000552970535012
1.1875 0.45 -0.00980517198705 0.00050401894668
1.1875 0.5 0.0219407575441 0.000455820076115
1.1875 0.55 0.0549918292045 0.00040823271809
1.1875 0.6 0.089482278372 0.000361336119423
1.1875 0.65 0.125575737721 0.000315231201274
1.1875 0.7 0.16347465064 0.000270048152456
1.1875 0.75 0.203433599629 0.00022595726111
1.1875 0.8 0.245778533451 0.0001831845763
1.1875 0.85 0.290935032488 0.000142034815575
1.1875 0.9 0.339470621545 0.000102925102164
1.1875 0.95 0.392159106371 6.64344929543e-05
1.1875 1.0 0.45007935618 3.33748505027e-05
1.1875 1.05 0.51476672963 4.88434021187e-06
1.1875 1.1 0.588440680232 -1.74781482497e-05
1.1875 1.15 0.674338871679 -3.17398849326e-05
1.1875 1.2 0.777297895839 -3.5922313035e-05
1.25 0.2 -0.143763935168 0.000724009544737
1.25 0.25 -0.092759769899 0.000673299671162
1.25 0.3 -0.0423783989545 0.000623714923623
1.25 0.35 0.00761122119947 0.000575363863698
1.25 0.4 0.0573715005396 0.000528364435513
1.25 0.45 0.106388931567 0.00048266101349
1.25 0.5 0.135091805185 0.000437660403554
1.25 0.55 0.164942811723 0.000393206576007
1.25 0.6 0.196062179042 0.000349371189528
1.25 0.65 0.228597020614 0.000306245652158
1.25 0.7 0.262730023118 0.000263948052342
1.25 0.75 0.298691753267 0.00022263304371
1.25 0.8 0.336778408324 0.000182506130983
1.25 0.85 0.37737788185 0.000143844548995
1.25 0.9 0.42100868637 0.000107027973559
1.25 0.95 0.468378858358 7.25835147001e-05
1.25 1.0 0.520475640857 4.12498727795e-05
1.25 1.05 0.578700828067 1.40613667051e-05
1.25 1.1 0.645067909615 -7.56912017617e-06
1.25 1.15 0.722472025556 -2.18645889796e-05
1.25 1.2 0.815106228042 -2.7078716385e-05
1.3125 0.2 -0.0264308012089 0.000686164872584
1.3125 0.25 0.0189979044884 0.000638755845965
1.3125 0.3 0.06394019343 0.000592381154036
1.3125 0.35 0.10847138016 0.000547156652296
1.3125 0.4 0.152747846016 0.000503185250095
1.3125 0.45 0.196838287802 0.0004604256966
1.3125 0.5 0.223114584209 0.000418328259601
1.3125 0.55 0.250413798193 0.00037672469116
1.3125 0.6 0.278844993608 0.000335680328649
1.3125 0.65 0.308542117576 0.000295278628066
1.3125 0.7 0.33967210874 0.000255627530722
1.3125 0.75 0.37244638833 0.000216868540923
1.3125 0.8 0.407137430965 0.000179189839473
1.3125 0.85 0.444103072236 0.000142845435211
1.3125 0.9 0.4838227206 0.000108183302841
1.3125 0.95 0.526951918642 7.56865323148e-05
1.3125 1.0 0.574404750956 4.60318246273e-05
1.3125 1.05 0.627476349224 2.01656333551e-05
1.3125 1.1 0.688015784779 -6.22143319979e-07
1.3125 1.15 0.758645190956 -1.47175225002e-05
1.3125 1.2 0.843046502607 -2.05612323102e-05
1.375 0.2 0.0661190453166 0.000649869571433
1.375 0.25 0.107023683619 0.000605449062932
1.375 0.3 0.147482465766 0.0005619911199
1.375 0.35 0.18761167681 0.000519595474966
1.375 0.4 0.227519894884 0.000478364621267
1.375 0.45 0.267404283344 0.000438274490354
1.375 0.5 0.291869165486 0.000398811666149
1.375 0.55 0.317111766484 0.000359798725698
1.375 0.6 0.343376423172 0.000321295662106
1.375 0.65 0.37078647568 0.000283379186521
1.375 0.7 0.399496174436 0.000246148609446
1.375 0.75 0.429701512513 0.000209734222322
1.375 0.8 0.461655843231 0.000174309400106
1.375 0.85 0.495692766362 0.000140108264276
1.375 0.9 0.532260147411 0.000107451606801
1.375 0.95 0.571971164672 7.67847411331e-05
1.375 1.0 0.615680833361 4.87311652719e-05
1.375 1.05 0.664598139883 2.41620400921e-05
1.375 1.1 0.72043940436 4.26229107953e-06
1.375 1.15 0.785606681796 -9.49186457042e-06
1.375 1.2 0.863371399716 -1.56945068262e-05
1.4375 0.2 0.139303166371 0.000615538622214
1.4375 0.25 0.176523985963 0.000573822147814
1.4375 0.3 0.213394701559 0.000532996743579
1.4375 0.35 0.249919800922 0.000493169149179
1.4375 0.4 0.286252121663 0.000454426346597
1.4375 0.45 0.322450312736 0.000416758786668
1.4375 0.5 0.345653688322 0.000379688841497
1.4375 0.55 0.369222694398 0.000343031677163
1.4375 0.6 0.393724289515 0.000306842710133
1.4375 0.65 0.419273185221 0.000271192858143
1.4375 0.7 0.446013308919 0.000236174000314
1.4375 0.75 0.474128098824 0.000201906752292
1.4375 0.8 0.503855343438 0.000168551688289
1.4375 0.85 0.535508906595 0.000136325708441
1.4375 0.9 0.569510954489 0.000105526038332
1.4375 0.95 0.606440129237 7.65652196723e-05
1.4375 1.0 0.647103263225 5.00206010526e-05
1.4375 1.05 0.692639046963 2.66981168619e-05
1.4375 1.1 0.744655498729 7.6920691187e-06
1.4375 1.15 0.805375415395 -5.63922917865e-06
1.4375 1.2 0.877737147863 -1.20175655598e-05
1.5 0.2 0.197269263801 0.000583325222545
1.5 0.25 0.231538138296 0.000544047113964
1.5 0.3 0.265386105469 0.000505624341983
1.5 0.35 0.298951398905 0.000468128477019
1.5 0.4 0.332346643447 0.000431646023087
1.5 0.45 0.365540221376 0.000396179927309
1.5 0.5 0.387666012334 0.000361286521082
1.5 0.55 0.409861089358 0.000326774227109
1.5 0.6 0.432915293886 0.000292694463932
1.5 0.65 0.456936255859 0.000259113118525
1.5 0.7 0.482059428983 0.000226115603312
1.5 0.75 0.508457943186 0.000193814098326
1.5 0.8 0.536356802824 0.000162357999571
1.5 0.85 0.566053654014 0.000131949148703
1.5 0.9 0.597949532371 0.000102864144767
1.5 0.95 0.632594663854 7.54868317186e-05
1.5 1.0 0.670756208357 5.03541521445e-05
1.5 1.05 0.713514947711 2.82149986547e-05
1.5 1.1 0.762389697451 1.00846633679e-05
1.5 1.15 0.819455849786 -2.78055680167e-06
1.5 1.2 0.887378973932 -9.21028284628e-06
